  station  longitude  latitude  elevation  depth_t  uncert_t qual_t  depth_c  uncert_c qual_c  depth_m  uncert_m qual_m   thick0   thick1   thick2     vs0     vs1     vs2     vpvs0     vpvs1     vpvs2  strike   dip
  CN.HOLB   -128.133    50.640       0.55  16.8864       6.4      X  17.0979       6.4      X  34.3278       6.4      X  17.4364   0.2115  17.2299  3.8120  1.5757  4.0451  1.739140  1.877959  1.775976   -19.1  13.1
  PO.VI32   -127.236    50.617       0.06  24.5216       6.4      C  28.4392       6.4      C  48.3226       6.4      C  24.5816   3.9176  19.8834  3.5953  2.4775  3.6752  1.856841  3.471685  1.901448    59.6  44.5
  PO.VI31   -127.108    50.582       0.06  34.0914       6.4      C  43.4900       6.4      C  44.9542       6.4      C  34.1514   9.3986   1.4642  3.5442  1.5883  3.4379  1.751792  2.444437  1.908520   -49.3  23.0
  PO.VI30   -127.003    50.559       0.01  31.1896       6.4      X  35.2357       6.4      X  47.0260       6.4      X  31.1996   4.0461  11.7903  3.6234  3.0687  4.0486  1.688552  1.946688  1.787309    85.5  23.1
  PO.VI50   -126.824    50.549       0.03  36.4249       6.4      C  36.4463       6.4      C  54.0008       6.4      C  36.4549   0.0214  17.5545  3.8223  1.7379  4.0466  1.802213  2.459693  1.819107   -89.2  23.4
  CN.PACB   -127.493    50.435       0.02  20.3911       2.1      X  31.2529       3.6      X  36.2637       3.6      X  20.4111  10.8618   5.0108  3.5123  2.3855  3.2882  1.669988  1.770488  1.770482   -46.5  25.4
  CN.MAYB   -127.174    50.403       1.42  23.8812       2.1      X  31.5903       3.6      X  47.1877       2.1      X  25.3012   7.7091  15.5974  3.9378  2.6505  4.0236  1.809132  3.486550  1.904364   -21.4  27.4
  CN.NCSB   -126.056    50.403       1.30  36.4120       6.4      X  36.4654       6.4      X  42.4753       6.4      C  37.7120   0.0534   6.0099  3.5726  2.6578  3.9114  1.673291  1.772669  1.870149    -0.2   3.6
  PO.VI52   -126.765    50.390       0.64  40.1510       6.4      C  42.3829       6.4      C  53.9025       6.4      C  40.7910   2.2319  11.5196  3.5398  2.8233  3.7361  1.859936  3.453476  1.883087   -44.7  41.1
  PO.VI01   -125.920    50.355       0.01  53.0390       6.4      X  57.2159       6.4      X  77.0090       6.4      X  53.0490   4.1769  19.7931  3.5005  1.8891  3.2607  1.838137  1.776507  1.890944   -86.7  44.9
  PO.VI03   -126.181    50.343       0.29  38.7991       6.4      C  40.5523       6.4      C  54.4590       6.4      C  39.0891   1.7532  13.9067  3.9297  1.3563  4.0475  1.766827  3.451891  1.779864   -58.1  11.3
  PO.VI02   -126.071    50.331       0.52  41.5528       6.4      X  41.5571       6.4      X  60.6875       6.4      X  42.0728   0.0043  19.1304  3.9441  2.9278  3.9112  1.858624  3.478141  1.770019   -80.5  27.9
  PO.VI04   -126.248    50.313       0.24  35.8802       6.4      C  38.3695       6.4      C  47.9894       6.4      C  36.1202   2.4893   9.6199  3.8172  2.4154  3.9394  1.699675  2.024427  1.770193   -36.4  15.3
  PO.VI53   -126.757    50.312       0.29  27.6715       3.6      A  33.7887       2.1      B  40.6478       2.1      B  27.9615   6.1172   6.8591  3.8927  2.3018  3.5342  1.758728  2.996742  1.774404   -56.8  17.1
  PO.VI05   -126.371    50.286       0.51  30.4913       1.4      B  32.3887       2.1      B  45.8564       3.6      C  31.0013   1.8974  13.4677  3.5046  1.5494  3.5586  1.702819  2.420614  1.772607   -46.1  15.8
  PO.VI06   -126.453    50.267       0.33  28.5405       6.4      B  32.9655       6.4      B  43.0611       6.4      B  28.8705   4.4250  10.0956  3.5699  2.4957  3.3603  1.790442  1.770004  1.828230   -38.3  14.7
  PO.VI07   -126.543    50.248       0.39  32.0467       2.1      A  34.6132       2.1      B  45.3407       2.1      A  32.4367   2.5665  10.7275  3.9149  1.5847  3.2613  1.735932  3.494352  1.770092   -36.5  23.7
  PO.VI10   -126.941    50.224       0.16  22.7304       6.4      C  27.9539       6.4      C  38.1505       6.4      C  22.8904   5.2235  10.1966  3.7996  2.2001  3.3436  1.744131  2.082542  1.780715   -45.8  24.5
  PO.VI08   -126.601    50.203       0.20  30.2045       4.3      A  35.9497       6.4      B  48.4059       6.4      B  30.4045   5.7452  12.4562  3.7585  1.3176  3.2645  1.670906  2.805328  1.864880   -42.3  26.2
  PO.VI09   -126.575    50.167       0.91  28.7127       2.9      A  32.3345       2.1      B  40.9187       6.4      C  29.6227   3.6218   8.5842  3.8715  2.1985  3.2616  1.781377  1.857130  1.772504   -48.0  24.3
  PO.VW01   -126.661    50.165       0.41  27.6259       2.1      A  34.4709       2.1      A  46.1814       1.4      A  28.0359   6.8450  11.7105  3.7175  2.3683  4.0476  1.739691  1.889794  1.909255   -39.7  29.9
  CN.WOSB   -126.570    50.161       0.96  31.2128       1.4      A  36.4093       1.4      A  46.6939       3.6      A  32.1728   5.1965  10.2846  3.9534  1.6499  3.5844  1.681616  1.771562  1.785180   -37.2  28.4
  CN.BPEB   -127.772    50.157       0.74  15.3931       3.6      A  19.5896       3.6      A  26.9078       3.6      A  16.1331   4.1965   7.3182  3.5236  2.9081  3.2669  1.724742  2.489701  1.772751   -59.9  29.5
  PO.VW02   -126.809    50.142       0.45  28.6611       1.4      A  34.9409       1.4      A  39.6335       1.4      A  29.1111   6.2798   4.6926  3.8911  3.0888  3.7738  1.688340  2.210082  1.908474   -49.7  20.2
  C8.WTRB   -126.035    50.130       0.35  32.2344       6.4      C  38.7744       6.4      C  46.1752       6.4      C  32.5844   6.5400   7.4008  3.5162  1.8270  3.4355  1.854957  3.493322  1.908339   -16.9  14.5
  PO.VI54   -126.441    50.121       0.31  31.4285       2.1      A  35.7456       2.1      B  44.1362       6.4      C  31.7385   4.3171   8.3906  3.9517  2.3087  3.3367  1.675355  1.948413  1.770821   -43.7  27.0
  PO.VW03   -126.923    50.084       0.15  28.8710       2.1      B  31.8510       2.1      B  39.2437       2.1      B  29.0210   2.9800   7.3927  3.9469  2.4010  3.4968  1.679901  2.311995  1.821208   -15.9  16.4
  CN.FHBB   -127.115    50.060       0.01  23.4729       2.1      B  28.6802       2.1      B  48.0946       2.1      B  23.4829   5.2073  19.4144  3.9380  2.6266  3.2642  1.670315  2.022424  1.775565    89.4   5.1
  CN.FHBB   -127.115    50.060       0.01  22.3820       3.6      B  24.5947       1.4      C  31.7236       1.4      C  22.3920   2.2127   7.1289  3.5035  1.3780  3.2626  1.766548  1.777286  1.773156   -43.0  12.4
  PO.VI12   -127.119    50.054       0.01  23.8012       2.1      B  27.4393       1.4      B  48.1280       1.4      B  23.8112   3.6381  20.6887  3.8806  2.3425  3.2700  1.670566  2.230438  1.771040    89.5   6.1
   CN.CBB   -125.365    50.032       0.28  48.5193       2.9      A  54.8005       4.3      C  66.2146       3.6      C  48.7993   6.2812  11.4141  3.7146  1.9546  3.8574  1.694476  3.134810  1.771426   -19.3  40.9
  PO.VI11   -126.857    49.989       0.16  28.6556       2.9      A  33.1262       2.1      A  37.3270       2.1      A  28.8156   4.4706   4.2008  3.8251  2.8449  4.0295  1.700583  1.991142  1.771386   -42.6  16.4
  C8.TASB   -126.651    49.927       0.02  20.7765       6.4      C  31.9764       6.4      C  37.3182       6.4      C  20.7965  11.1999   5.3418  3.5008  3.0435  3.7763  1.830981  2.003680  1.898684    79.5  27.3
  PO.VI56   -126.210    49.925       0.32  27.9051       2.1      A  36.6540       3.6      A  46.0883       3.6      A  28.2251   8.7489   9.4343  3.9325  2.3870  3.7589  1.674406  1.773817  1.771635   -21.5  23.7
  C8.SPLB   -125.653    49.892       0.28  31.2284       2.1      A  36.3568       2.1      A  46.9338       2.9      A  31.5084   5.1284  10.5770  3.6390  2.5439  3.4181  1.854548  2.018397  1.771042   -48.1   9.5
  CN.TAHB   -126.677    49.892       0.46  20.6470       1.4      A  27.9144       2.1      A  34.4950       0.7      A  21.1070   7.2674   6.5806  3.5349  3.2857  3.8476  1.671306  2.070822  1.651029   -21.3  13.5
   CN.EDB   -127.122    49.873       0.15  14.3095       2.1      A  19.6145       2.9      A  22.5982       2.1      A  14.4595   5.3050   2.9837  3.9390  1.9383  3.2623  1.859355  1.892896  1.796156   -21.9   0.0
  PO.VI57   -126.101    49.839       0.17  23.6888       2.1      C  33.8226       2.1      C  40.0537       2.1      C  23.8588  10.1338   6.2311  3.7417  2.4674  3.4668  1.743031  1.969117  1.771143   -47.1  18.1
   CN.GDR   -126.056    49.781       0.12  23.4945       0.7      A  31.0825       2.1      A  34.6029       1.4      B  23.6145   7.5880   3.5204  3.5273  2.2232  3.4062  1.736172  1.774064  1.772973   -29.6  10.2
  C8.MWAB   -125.303    49.741       1.18  35.8162       6.4      C  46.8524       6.4      C  51.1863       6.4      C  36.9962  11.0362   4.3339  3.9154  3.0987  3.6652  1.817822  1.999064  1.903607   -19.1  29.8
  CN.TXDB   -124.438    49.698       0.50  48.6419       2.1      A  52.8675       3.6      A  57.1452       3.6      A  49.1419   4.2256   4.2777  3.5474  1.3101  3.4466  1.709224  3.494084  1.905965     7.5  44.8
   CN.SHB   -123.877    49.599       1.13  53.1470       6.4      X  59.3868       6.4      X  61.3580       6.4      X  54.2770   6.2398   1.9712  3.7877  1.3111  3.9356  1.795918  2.590344  1.907714    75.2  42.1
  CN.NTKA   -126.617    49.592       0.01  21.1898       2.1      A  21.4536       1.4      A  29.0917       2.1      A  21.1998   0.2638   7.6381  3.5057  2.4903  3.9177  1.845937  1.776653  1.817163   -41.1  11.1
  CN.MYRA   -125.570    49.551       0.63  28.2480       2.9      A  33.3081       1.4      A  38.4318       1.4      A  28.8780   5.0601   5.1237  3.9458  1.7861  3.2653  1.804602  1.897374  1.790708   -22.3  14.8
   CN.BTB   -125.523    49.469       1.61  24.8338       1.4      A  31.0542       2.9      A  34.1431       2.1      B  26.4438   6.2204   3.0889  3.6866  2.1428  3.2734  1.858704  1.771607  1.774607   -29.9   7.8
  PO.PIMB   -122.666    49.274       0.04  48.1047       6.4      X  60.0579       6.4      X  60.5478       6.4      X  48.1447  11.9532   0.4899  3.5128  1.3822  4.0483  1.857151  2.971639  1.776672   -40.7  42.5
  CN.NLLB   -123.988    49.227       0.20  45.5361       2.9      A  52.6001       2.9      B  57.7190       2.9      A  45.7361   7.0640   5.1189  3.9570  2.5903  3.3354  1.750897  1.990194  1.771572   -30.0  19.4
  CN.PABB   -124.811    49.219       0.04  31.7608       1.4      A  35.9169       1.4      A  37.8268       1.4      A  31.8008   4.1561   1.9099  3.9107  2.6562  3.4798  1.705603  3.483209  1.779729   -25.2   2.7
  PO.HBDB   -122.213    49.170       0.01  54.2782       6.4      X  60.7291       6.4      X  68.9378       6.4      X  54.2882   6.4509   8.2087  3.7656  1.8677  4.0493  1.785824  3.333512  1.774924   -89.5  22.0
  C8.TOFB   -125.908    49.154       0.01  18.2655       1.4      A  21.5306       1.4      A  28.7370       2.9      A  18.2755   3.2651   7.2064  3.5313  1.3238  3.3400  1.751338  2.610440  1.909641   -29.7  12.7
  PO.ENGB   -123.089    49.008       0.06  36.6892       2.1      B  42.7690       6.4      X  53.8432       6.4      X  36.7492   6.0798  11.0742  3.6331  2.0297  3.2688  1.823264  2.743164  1.908743   -31.7   8.3
  CN.MGRB   -124.697    49.000       1.31  26.4223       1.4      A  30.2536       2.1      A  35.1420       2.1      A  27.7323   3.8313   4.8884  3.7880  2.3680  3.2618  1.808791  1.772551  1.898553   -29.6   9.0
   CL.MGB   -124.697    49.000       1.31  26.1604       1.4      A  30.5821       2.1      A  35.0272       2.1      A  27.4704   4.4217   4.4451  3.7698  2.4172  3.3078  1.791289  1.884246  1.908368   -43.9   9.8
   CN.OZB   -125.498    48.961       0.63  18.4208       0.7      A  21.8679       1.4      A  28.4623       2.1      A  19.0508   3.4471   6.5944  3.5172  2.3165  3.7905  1.857045  1.782992  1.770057   -29.8  15.7
  CN.GOBB   -123.510    48.949       0.17  29.9144       6.4      C  41.7485       6.4      C  50.6296       6.4      C  30.0844  11.8341   8.8811  3.7059  1.3476  3.3174  1.671011  2.096023  1.897209     9.9  36.0
  CN.YOUB   -124.262    48.901       0.77  31.4325       2.1      A  37.8753       2.9      B  48.9213       3.6      B  32.2025   6.4428  11.0460  3.7721  2.3040  3.8236  1.675565  2.141319  1.772701   -29.9  24.7
  CN.BMSB   -125.135    48.836       0.01  21.7792       2.1      A  24.7336       2.1      A  30.6202       1.4      A  21.7892   2.9544   5.8866  3.5311  2.6706  3.8675  1.793492  1.773309  1.771196   -29.4  10.1
  CN.BFSB   -125.136    48.834       0.03  22.1264       2.1      A  25.1800       2.1      A  30.3230       1.4      A  22.1564   3.0536   5.1430  3.5007  2.6479  4.0492  1.833690  1.783791  1.770399   -29.9  11.4
  CN.CLRS   -124.131    48.820       0.17  31.5908       2.1      A  41.6459       3.6      C  46.5650       2.1      C  31.7608  10.0551   4.9191  3.9575  2.5945  4.0438  1.736222  1.898786  1.770018   -30.0  29.9
   CN.SNB   -123.172    48.775       0.40  47.2573       1.4      X  56.4599       6.4      X  59.5413       6.4      B  47.6573   9.2026   3.0814  3.9600  2.8958  4.0482  1.720303  2.112059  1.781952   -30.0  21.5
  PO.SSIB   -123.388    48.756       0.01  41.8303       2.1      A  45.1803       1.4      A  48.7854       1.4      A  41.8403   3.3500   3.6051  3.8856  2.3129  3.3893  1.843422  2.598772  1.770484   -61.4  17.1
  PO.GOWB   -123.185    48.737       0.03  37.7625       3.6      X  43.8044       6.4      C  47.8928       6.4      C  37.7925   6.0419   4.0884  3.6944  2.3876  3.2628  1.744884  1.877283  1.799743   -29.7   7.3
  CL.A04A   -122.707    48.720       0.02  48.9223       6.4      X  58.7039       6.4      X  64.5400       6.4      X  48.9423   9.7816   5.8361  3.9592  2.7593  3.8776  1.855375  3.452542  1.909919   -10.8  44.6
  C8.PA01   -123.447    48.653       0.00  36.9294       2.1      A  41.0456       2.1      A  46.7988       2.1      A  36.9294   4.1162   5.7532  3.8916  2.1334  3.6023  1.734942  2.527562  1.775116   -30.0  15.4
   CN.PGC   -123.452    48.650       0.01  34.9497       2.1      A  38.7110       2.1      A  43.8579       2.1      A  34.9597   3.7613   5.1469  3.7541  2.1724  3.3063  1.775152  2.231633  1.770015   -30.0  13.1
  C8.PA12   -123.450    48.648       0.01  35.1212       2.1      A  38.5492       2.1      A  44.0828       2.1      A  35.1312   3.4280   5.5336  3.8058  2.1525  3.2674  1.782385  2.271963  1.772143   -30.0  11.8
  C8.MGCB   -123.681    48.632       0.24  31.7557       1.4      A  35.1785       2.9      A  40.7704       1.4      A  31.9957   3.4228   5.5919  3.9127  2.1612  3.2603  1.791806  2.178882  1.770144   -29.9  10.5
   CN.LZB   -123.824    48.612       0.79  28.2111       1.4      A  30.5420       1.4      A  38.7105       1.4      A  29.0011   2.3309   8.1685  3.6513  1.9083  3.3579  1.809520  3.128753  1.770869   -30.0  12.6
  PO.SILB   -123.281    48.602       0.08  37.2424       2.1      A  40.6384       1.4      A  43.3375       1.4      B  37.3224   3.3960   2.6991  3.9448  2.3698  3.7225  1.778341  3.062368  1.842069   -31.0   9.3
  PO.TSJB   -123.989    48.601       0.38  25.2185       1.4      A  28.8121       1.4      A  33.5260       1.4      B  25.5985   3.5936   4.7139  3.6523  2.2406  3.2732  1.795581  2.442560  1.771233   -41.3   7.5
  C8.TWBB   -124.092    48.585       0.12  25.5037       2.1      A  29.2276       2.1      A  35.5337       2.1      A  25.6237   3.7239   6.3061  3.9022  2.7086  3.4962  1.687458  2.199476  1.776100   -39.7  11.2
   CN.PFB   -124.454    48.575       0.45  19.4592       2.1      A  23.7721       2.1      A  29.7511       2.1      A  19.9092   4.3129   5.9790  3.5221  2.1786  3.3172  1.769513  1.821812  1.770107   -30.0  12.0
  C8.KHVB   -123.466    48.569       0.04  34.4692       2.1      A  37.5730       2.1      A  40.7264       2.1      B  34.5092   3.1038   3.1534  3.8323  1.9016  4.0233  1.779688  3.382099  1.771208   -42.3  15.9
  CN.SYMB   -123.799    48.559       0.94  27.1159       2.1      A  30.2977       1.4      A  35.8221       1.4      B  28.0559   3.1818   5.5244  3.6278  2.2074  3.4333  1.858289  2.313582  1.771561   -29.8  11.2
  CN.PTRF   -124.413    48.544       0.16  19.5343       2.1      A  22.8286       2.9      A  25.7019       6.4      C  19.6943   3.2943   2.8733  3.5063  1.3302  3.3122  1.775233  1.776800  1.771964   -30.0  12.1
  C8.SHVB   -123.636    48.472       0.07  34.1585       3.6      A  37.7896       2.9      A  41.1329       2.9      A  34.2285   3.6311   3.3433  3.8673  2.2884  3.8716  1.759729  2.446950  1.771955   -33.3  17.2
   UW.ERW   -122.626    48.454       0.39  47.7955       3.6      X  51.1454       6.4      X  66.4387       6.4      X  48.1855   3.3499  15.2933  3.6635  1.6577  3.4645  1.773304  3.499487  1.910001   -28.7  24.4
   CN.VGZ   -123.325    48.413       0.07  31.6189       2.1      B  36.2060       2.1      B  40.0485       2.1      B  31.6889   4.5871   3.8425  3.6956  2.3789  3.6582  1.792591  2.215057  1.770024   -30.0  16.4
  CL.BERY   -122.096    48.264       0.15  54.0162       3.6      X  61.0613       6.4      X  72.3437       6.4      X  54.1662   7.0451  11.2824  3.6271  1.6751  3.7750  1.798379  1.820608  1.770252   -14.5  22.0
 UW.NATEM   -122.819    48.106       0.06  39.1090       3.6      A  46.9342       3.6      C  46.9342       2.1      A  39.1690   7.8252   0.0000  3.8636  2.2891  3.5598  1.859276  2.787864  1.900247   -54.3  30.6
   UW.OPC   -123.413    48.100       0.09  26.8219       2.1      A  35.4570       3.6      A  42.4501       3.6      A  26.9119   8.6351   6.9931  3.9560  2.2703  3.4647  1.859100  2.600890  1.907265   -29.9  22.9
   UW.OTR   -124.345    48.086       0.54  17.9729       6.4      A  18.0978       6.4      B  24.9103       6.4      B  18.5129   0.1249   6.8125  3.5305  2.5725  3.4236  1.826002  3.496249  1.774214   -79.2   3.5
   UW.SQM   -123.048    48.074       0.04  34.3335       1.4      A  38.7027       1.4      A  44.6415       1.4      A  34.3735   4.3692   5.9388  3.9518  1.7928  3.3332  1.852118  3.384594  1.909246   -29.7  18.2
  UW.SLDQ   -124.141    48.062       0.30  18.1399       2.1      A  18.3331       3.6      B  25.6657       1.4      B  18.4399   0.1932   7.3326  3.6043  2.2061  3.7314  1.859973  1.774625  1.909873   -68.9   6.4
  CL.LRIV   -123.504    48.057       0.29  24.1961       6.4      B  33.6597       6.4      B  43.5697       6.4      B  24.4861   9.4636   9.9100  3.9578  1.9051  4.0046  1.673682  2.264815  1.772636   -44.6  29.5
  UW.OSQM   -123.131    48.043       0.23  26.7829       3.6      A  33.3802       3.6      A  44.1970       3.6      A  27.0129   6.5973  10.8168  3.9472  2.4958  3.4464  1.858761  2.574565  1.909123   -59.5  22.5
  XU.BS11   -122.925    47.957       0.59  34.3014       1.4      A  43.9251       3.6      C  43.9251       3.6      A  34.8914   9.6237   0.0000  3.9565  2.6606  3.8074  1.736156  1.773622  1.778221   -19.7  29.9
  CL.FORK   -124.566    47.947       0.04  18.2614       2.1      A  20.9733       2.1      A  30.2476       2.1      A  18.3014   2.7119   9.2743  3.5001  3.0978  3.9163  1.858147  3.455162  1.779179    10.2   4.0
   UW.OFR   -124.396    47.933       0.15  19.0481       2.1      A  19.0956       0.7      A  29.5188       2.1      A  19.1981   0.0475  10.4232  3.5165  2.0593  3.6222  1.824741  1.770747  1.779112   -29.9   6.6
  YW.FACB   -122.646    47.887       0.07  41.5443       2.1      A  49.9917       3.6      A  53.7334       2.9      A  41.6143   8.4474   3.7417  3.9558  2.3242  3.9807  1.703094  1.782893  1.770091    -8.9  30.2
  XU.W020   -122.946    47.873       0.35  31.6210       2.1      C  39.9796       2.1      C  47.7733       1.4      C  31.9710   8.3586   7.7937  3.5722  2.6715  4.0460  1.671603  2.384391  1.909985    28.0  17.7
  US.OCWA   -124.178    47.749       0.67  17.9656       3.6      A  23.5686       2.1      A  27.8923       2.1      A  18.6356   5.6030   4.3237  3.5002  3.0970  3.6494  1.844495  1.774362  1.771880   -29.5   1.0
  CL.DOSE   -122.925    47.713       0.16  28.6310       2.9      A  35.7433       3.6      B  41.0967       3.6      B  28.7910   7.1123   5.3534  3.7329  2.6993  3.7518  1.670230  1.796318  1.771283    76.9   6.0
   UW.SEA   -122.309    47.654       0.03  47.7966       6.4      X  52.2538       6.4      X  57.4452       6.4      X  47.8266   4.4572   5.1914  3.8210  2.1404  3.9646  1.796938  3.308260  1.785830   -30.3  23.0
   UW.GNW   -122.825    47.564       0.22  34.7390       1.4      A  39.0780       1.4      A  41.2936       1.4      B  34.9590   4.3390   2.2156  3.7766  2.1560  3.2797  1.762299  3.200371  1.778455    13.2  14.3
   UW.SP2   -122.249    47.556       0.03  11.5446       6.4      X  12.0297       6.4      X  17.7749       6.4      X  11.5746   0.4851   5.7452  3.5080  2.6797  4.0403  1.714766  1.778072  1.794446    25.4   2.4
  TA.D03D   -123.089    47.535       0.26  28.8485       2.1      A  34.8396       3.6      B  39.9622       3.6      A  29.1085   5.9911   5.1226  3.5984  2.2042  3.5885  1.670048  3.099174  1.909628    64.8  14.8
  UW.OLQN   -123.813    47.513       0.09  20.7730       2.1      A  24.6583       2.1      A  30.7536       1.4      A  20.8630   3.8853   6.0953  3.5222  2.9340  3.7169  1.859945  1.880300  1.835212   -22.3   7.7
  UW.WYNO   -123.613    47.434       0.94  17.4422       1.4      B  25.4551       1.4      A  30.7740       1.4      A  18.3822   8.0129   5.3189  3.5198  2.8962  3.9355  1.715609  1.770596  1.770144   -19.2   7.9
  YW.FACC   -122.579    47.401       0.11  29.1646       6.4      X  36.3060       6.4      X  45.0901       6.4      X  29.2746   7.1414   8.7841  3.6862  2.6217  3.6328  1.680810  3.188465  1.770232    81.8   7.8
  US.NLWA   -123.869    47.392       0.64  19.5428       1.4      A  24.2873       1.4      A  26.6878       1.4      B  20.1828   4.7445   2.4005  3.5435  3.0230  3.7754  1.859997  1.805028  1.908937     9.0  14.1
  XU.N050   -123.396    47.224       0.12  27.2517       1.4      A  34.3981       2.1      A  39.8828       2.1      A  27.3717   7.1464   5.4847  3.9593  1.8016  3.2682  1.859445  2.625944  1.845756    79.2   6.4
  XU.N040   -123.608    47.194       0.17  24.0036       2.1      A  29.1131       2.1      C  31.2496       2.1      A  24.1736   5.1095   2.1365  3.5188  1.8641  3.2618  1.859924  2.683547  1.770648   -12.6  15.0
  XU.N030   -123.859    47.190       0.14  21.7775       3.6      A  26.8095       2.1      A  36.1221       2.1      A  21.9175   5.0320   9.3126  3.5417  2.8126  3.8049  1.708953  3.211370  1.770401   -76.5   9.4
  CL.TKEY   -122.772    47.179       0.05  45.3046       6.4      A  49.1312       6.4      C  62.7247       6.4      B  45.3546   3.8266  13.5935  3.8609  1.8668  3.2724  1.856484  3.488322  1.807572   -26.7  15.7
  XU.N025   -123.916    47.159       0.09  21.4357       3.6      A  22.6908       6.4      B  27.5189       3.6      B  21.5257   1.2551   4.8281  3.5442  1.4262  4.0288  1.682693  1.783621  1.907839    89.9   5.7
  XU.N060   -123.164    47.151       0.15  29.8262       1.4      A  34.5548       1.4      B  37.4757       1.4      A  29.9762   4.7286   2.9209  3.9054  2.2203  3.4688  1.859733  2.069135  1.771391    11.3  13.0
  XU.N020   -123.971    47.124       0.16  23.2324       6.4      A  27.2338       6.4      A  29.4714       6.4      A  23.3924   4.0014   2.2376  3.5578  2.0987  4.0483  1.858424  3.352027  1.910012   -54.9  15.8
  XU.S015   -123.658    47.117       0.04  26.8592       2.1      A  30.7955       3.6      A  32.9336       2.1      B  26.8992   3.9363   2.1381  3.9344  1.6580  4.0173  1.859242  3.496984  1.772882    89.2   2.8
  UW.WISH   -123.771    47.117       0.04  24.5391       1.4      A  29.6734       2.9      A  34.9331       2.9      A  24.5791   5.1343   5.2597  3.8556  2.8408  3.8405  1.858803  1.788158  1.908267    64.5   5.0
  TA.D03A   -123.771    47.116       0.03  25.4564       2.1      A  25.4578       2.1      A  34.8298       2.9      A  25.4864   0.0014   9.3720  3.9508  1.5078  3.7552  1.841804  3.494562  1.814577   -18.9  16.0
  TA.D04A   -122.803    47.111       0.03  34.7980       2.1      C  41.6391       6.4      B  51.7766       6.4      B  34.8280   6.8411  10.1375  3.9262  1.6868  3.2623  1.858922  3.010908  1.862643   -89.8   3.5
  XU.N015   -124.033    47.110       0.05  20.5021       2.1      A  20.6558       1.4      A  27.9531       6.4      A  20.5521   0.1537   7.2973  3.5054  1.7028  4.0495  1.859189  1.773373  1.812323    18.3  20.0
  XU.S010   -123.839    47.061       0.07  25.6903       2.1      B  27.4867       1.4      B  37.3313       2.1      B  25.7603   1.7964   9.8446  3.5048  1.4130  3.6979  1.670224  3.460510  1.895319    89.4  14.9
  XU.N010   -124.137    47.060       0.01  15.5804       2.1      C  15.6439       6.4      C  31.3658       6.4      C  15.5904   0.0635  15.7219  3.5036  1.7669  4.0497  1.681271  1.770332  1.865694   -87.3   9.8
  XU.S020   -123.550    47.057       0.08  24.5844       2.1      A  29.0896       2.1      A  39.9709       2.1      A  24.6644   4.5052  10.8813  3.5033  2.6352  4.0469  1.670682  1.771175  1.771801     4.7  15.6
  XU.N070   -122.715    47.052       0.00  34.2383       2.9      B  44.1715       2.9      B  46.4852       2.1      B  34.2383   9.9332   2.3137  3.8771  2.6146  3.8020  1.670295  3.490936  1.889164   -87.0   1.3
  XU.S040   -123.027    47.040       0.17  34.9243       1.4      A  38.6786       2.1      A  44.9188       2.1      A  35.0943   3.7543   6.2402  3.9419  2.1651  3.3835  1.835384  2.114591  1.822817    14.1  14.8
  XU.S030   -123.297    47.029       0.11  27.1130       2.1      A  32.6244       2.1      A  43.2809       1.4      A  27.2230   5.5114  10.6565  3.6277  2.0684  4.0474  1.859911  1.947399  1.777635    10.8  14.7
  XU.S050   -122.871    47.007       0.06  35.0805       1.4      A  41.4029       6.4      A  48.7991       1.4      A  35.1405   6.3224   7.3962  3.8926  2.7707  3.9055  1.811283  2.336052  1.851876    88.0  13.1
  XU.S060   -122.518    46.997       0.13  29.8080       6.4      X  29.8938       6.4      X  43.5216       6.4      X  29.9380   0.0858  13.6278  3.9389  1.5857  3.8916  1.678311  3.498203  1.908547   -30.5  13.2
   UW.RWW   -123.543    46.965       0.01  26.7179       1.4      A  28.6550       2.1      A  37.5788       2.1      A  26.7279   1.9371   8.9238  3.6641  1.6086  3.3828  1.839360  1.774276  1.774861   -31.2   7.7
  UW.CORE   -123.914    46.926       0.05  19.0055       2.1      B  25.2008       6.4      C  25.6153       2.1      B  19.0555   6.1953   0.4145  3.5778  1.4420  3.6527  1.858377  2.313384  1.780792   -30.4  24.7
  XU.W070   -123.228    46.925       0.41  30.1642       1.4      A  35.5443       2.1      A  41.2083       1.4      A  30.5742   5.3801   5.6640  3.6795  2.6833  4.0020  1.858486  1.977416  1.770065   -12.9  15.2
  X4.LR14   -123.225    46.868      -0.00  26.6404       2.1      C  35.4989       2.1      C  35.4989       2.1      C  26.6404   8.8585   0.0000  3.5662  2.3180  3.3451  1.843643  1.892882  1.875908   -33.0  14.9
  XU.S055   -122.731    46.839       0.17  41.6133       3.6      A  46.2265       2.9      A  48.4034       2.9      B  41.7833   4.6132   2.1769  3.8747  2.5040  3.6196  1.857589  3.484784  1.906039    13.0  14.3
  UW.LEID   -123.465    46.829       0.53  23.3931       1.4      A  27.2405       6.4      B  40.7737       2.9      B  23.9231   3.8474  13.5332  3.5023  1.7568  4.0500  1.859778  2.457650  1.901259     0.1  12.1
 UW.ARTIC   -123.759    46.805       0.13  23.0431       3.6      B  32.2756       3.6      B  37.1209       3.6      B  23.1731   9.2325   4.8453  3.9582  1.5054  3.2603  1.859709  3.491962  1.773395     5.3  18.2
  UW.DEAL   -123.559    46.741       0.32  26.1505       1.4      A  29.4639       1.4      A  35.8862       1.4      A  26.4705   3.3134   6.4223  3.5826  2.5320  4.0492  1.858985  1.770972  1.770819    16.5   4.5
  XU.W080   -123.285    46.716       0.24  29.4541       2.1      A  33.8879       2.1      A  37.0130       1.4      B  29.6941   4.4338   3.1251  3.6061  2.3019  3.5186  1.857436  1.770233  1.898937    12.5  17.7
  YW.FACD   -122.852    46.662       0.18  40.6536       3.6      C  48.2319       6.4      X  57.7473       6.4      X  40.8336   7.5783   9.5154  3.9031  1.6704  3.3196  1.832313  3.478628  1.903964   -37.9  19.7
  UW.WHGC   -123.730    46.656       0.01  19.0583       1.4      A  25.4535       2.9      A  28.3226       2.9      A  19.0683   6.3952   2.8691  3.5057  1.8572  3.2658  1.720455  1.770461  1.771450    27.2  23.3
  XU.W090   -123.424    46.597       0.61  26.3096       1.4      A  31.6255       2.1      A  43.3855       3.6      C  26.9196   5.3159  11.7600  3.8080  2.3970  3.6905  1.790809  3.497330  1.770763   -31.9   5.7
  TA.E04A   -122.720    46.593       0.22  27.2289       6.4      X  37.4161       6.4      X  38.4954       6.4      C  27.4489  10.1872   1.0793  3.9582  1.4560  3.2656  1.704057  3.498901  1.769996    66.6  14.1
  CL.LEBA   -123.563    46.546       0.08  24.5596       2.1      A  28.7999       2.1      A  31.0267       1.4      B  24.6396   4.2403   2.2268  3.6965  2.1660  3.2719  1.859705  2.102770  1.772976   -11.0  15.1
  XU.E070   -122.454    46.509       0.28  49.1640       6.4      X  59.5536       6.4      X  66.7388       6.4      X  49.4440  10.3896   7.1852  3.6348  2.3645  3.5069  1.710328  1.922478  1.771251    40.7  27.0
  UW.NEMA   -123.750    46.497       0.51  20.6571       2.1      A  26.4210       2.9      A  31.2650       2.9      A  21.1671   5.7639   4.8440  3.6462  2.6065  3.6971  1.802616  1.770036  1.908225    28.7  11.6
  UW.TOLE   -122.845    46.453       0.08  40.2990       2.9      A  50.0956       3.6      A  56.6202       3.6      A  40.3790   9.7966   6.5246  3.9318  2.4984  3.9545  1.860013  2.490034  1.902036    33.7  19.6
  XD.ME03   -122.576    46.452       0.31  36.2106       2.1      C  43.2415       6.4      X  50.3296       6.4      X  36.5206   7.0309   7.0881  3.8784  1.5189  3.2658  1.830213  3.418461  1.836365    69.8   1.8
  XD.ME02   -122.707    46.439       0.16  39.1132       6.4      X  48.4739       6.4      X  50.7454       6.4      C  39.2732   9.3607   2.2715  3.5788  2.5050  3.2936  1.840254  3.413373  1.797061    -0.7  26.5
  UW.RADR   -123.799    46.422       0.59  20.4179       2.1      A  24.1525       2.9      A  26.7487       2.1      B  21.0079   3.7346   2.5962  3.5002  1.6317  3.2607  1.845923  1.771281  1.784402    16.1  13.7
  XU.W100   -123.664    46.405       0.21  21.8011       2.1      A  25.5245       2.1      A  32.1310       2.1      A  22.0111   3.7234   6.6065  3.5003  2.5933  3.3396  1.859069  1.777311  1.772308    -2.1  10.6
  XD.MG02   -122.735    46.374       0.16  47.5901       2.9      C  54.6439       6.4      X  59.6760       6.4      A  47.7501   7.0538   5.0321  3.5036  1.5937  3.3029  1.752540  1.872686  1.780587    45.2  40.3
  XD.MG03   -122.476    46.338       0.64  48.1834       6.4      X  53.6702       6.4      X  63.4675       6.4      X  48.8234   5.4868   9.7973  3.5505  2.5178  4.0026  1.707112  3.206688  1.769975   -32.4  27.8
  YW.FACF   -122.776    46.332       0.22  47.1554       5.0      C  57.1898       6.4      C  57.1898       6.4      C  47.3754  10.0344   0.0000  3.6329  3.0156  4.0353  1.859313  2.045066  1.909994    55.6  38.1
  XD.MH03   -122.594    46.268       0.37  47.6571       6.4      X  59.4675       6.4      X  65.4195       6.4      B  48.0271  11.8104   5.9520  3.5112  2.6317  3.4255  1.830827  1.772960  1.820844    39.7  32.2
  UW.MEGW   -123.877    46.266       0.35  20.4252       2.1      A  23.2854       2.1      A  28.7828       2.1      A  20.7752   2.8602   5.4974  3.5254  1.9284  3.3767  1.858030  1.774839  1.774721    13.5   7.7
  XD.MH01   -122.806    46.264       0.20  34.0438       6.4      C  41.2216       6.4      X  44.9350       6.4      B  34.2438   7.1778   3.7134  3.5756  1.3100  3.4061  1.670153  3.495115  1.909427    78.3  11.2
  XD.MI02   -122.666    46.216       0.35  49.4846       3.6      B  57.2175       6.4      X  60.8347       3.6      B  49.8346   7.7329   3.6172  3.5004  2.5282  3.8501  1.703577  2.420299  1.906340    89.9   8.2
  XU.W110   -123.285    46.200       0.35  26.4434       2.9      C  30.2254       3.6      B  38.5866       3.6      B  26.7934   3.7820   8.3612  3.5491  1.7655  3.2602  1.670339  2.855225  1.770566    60.4  12.4
  XD.MJ01   -122.811    46.194       0.34  43.5201       3.6      C  48.1405       2.9      C  55.1950       2.9      C  43.8601   4.6204   7.0545  3.9182  2.3710  3.5608  1.732198  2.790679  1.775107    -2.1  17.9
  XD.MJ02   -122.701    46.139       0.32  44.7661       6.4      X  56.0722       6.4      X  58.9213       6.4      X  45.0861  11.3061   2.8491  3.9553  1.5968  4.0487  1.803529  1.789642  1.776150    17.9  37.5
  UO.WIKI   -123.585    46.106       0.82  27.4263       2.9      A  30.0787       1.4      A  35.7866       1.4      A  28.2463   2.6524   5.7079  3.7361  1.7530  3.4164  1.859907  2.394010  1.771455    -0.5  15.7
  CL.RAIN   -123.011    46.083       0.24  31.3384       2.9      C  40.6314       2.9      B  44.8585       2.9      B  31.5784   9.2930   4.2271  3.9594  2.6761  3.9528  1.859903  1.992190  1.908419   -89.9  14.8
  YW.FACG   -123.176    46.075       0.11  32.1725       3.6      C  39.8644       3.6      C  39.8644       6.4      C  32.2825   7.6919   0.0000  3.5261  1.3299  3.7257  1.804401  1.862095  1.903562    69.4  18.7
  XD.ML03   -122.516    46.062       0.36  36.4322       6.4      X  43.4491       6.4      X  54.7235       6.4      X  36.7922   7.0169  11.2744  3.7083  1.8927  3.2618  1.774101  1.771438  1.778742    89.9  22.7
 UW.SEAS2   -123.896    46.036       0.06  22.1457       1.4      A  26.7654       2.9      B  35.2497       2.9      B  22.2057   4.6197   8.4843  3.6823  2.1877  3.8858  1.850610  1.790465  1.770884    -8.3  15.7
  XD.MM02   -122.684    46.020       0.21  50.7207       6.4      X  60.6916       6.4      X  70.4664       6.4      X  50.9307   9.9709   9.7748  3.7326  2.7926  3.9985  1.857740  2.788978  1.909941    27.7  44.8
 UO.MONKS   -123.004    45.994       0.38  36.9807       3.6      C  46.8756       3.6      A  51.9676       3.6      A  37.3607   9.8949   5.0920  3.5693  1.5901  3.7295  1.782338  1.773348  1.861670     9.2  19.9
  CL.YACT   -122.419    45.932       0.21  49.2367       6.4      X  49.3056       6.4      X  55.2869       6.4      X  49.4467   0.0689   5.9813  3.8085  1.8785  3.3224  1.715846  1.775938  1.894986    57.8   5.4
  CL.FISH   -123.559    45.931       0.33  21.8382       1.4      C  31.4797       2.1      C  33.9767       2.1      C  22.1682   9.6415   2.4970  3.7533  3.0849  4.0437  1.820638  2.880029  1.905186    -7.6  15.0
 UW.FISH2   -123.499    45.928       0.15  25.5497       2.9      B  31.1202       2.9      C  42.6030       2.9      C  25.6997   5.5705  11.4828  3.7289  2.1664  3.6901  1.780632  1.794867  1.773312     3.7  12.5
  YW.FACH   -123.216    45.881       0.24  26.1305       1.4      C  34.0533       6.4      C  42.3498       6.4      C  26.3705   7.9228   8.2965  3.5939  1.9172  3.2625  1.794429  3.070415  1.771188   -12.2  17.8
  UO.KUHN   -122.896    45.785       0.09  47.6860       2.9      C  58.6126       3.6      B  61.3143       3.6      B  47.7760  10.9266   2.7017  3.9581  2.8865  3.6000  1.728304  2.303135  1.773389    -8.8  23.8
  UO.NBFR   -123.853    45.726       0.01  19.9995       2.1      A  25.1595       2.1      A  31.3520       2.1      A  20.0095   5.1600   6.1925  3.5193  2.3550  3.5850  1.711619  1.770658  1.849038    -2.9  14.5
 UO.TRIPT   -123.644    45.630       0.98  23.4266       2.1      A  30.7386       6.4      A  38.4392       6.4      A  24.4066   7.3120   7.7006  3.8970  1.9688  3.3050  1.726097  1.789618  1.770015    37.8  21.4
  UO.PF27   -122.760    45.545       0.33  39.1206       6.4      X  44.7593       6.4      X  49.2427       6.4      X  39.4506   5.6387   4.4834  3.8872  2.5938  3.2791  1.670457  2.904464  1.793419   -90.0   8.9
  UO.GROV   -123.157    45.538       0.10  41.3107       2.1      A  46.7794       6.4      A  52.5825       6.4      A  41.4107   5.4687   5.8031  3.9555  2.3315  3.2681  1.858728  2.881707  1.770172     5.5  18.2
  TA.G03A   -123.281    45.315       0.21  38.5947       4.3      A  44.2560       3.6      C  44.2560       6.4      B  38.8047   5.6613   0.0000  3.9328  2.2872  4.0475  1.852726  2.890696  1.860926     2.2  23.7
  YW.FACJ   -123.289    45.296       0.17  37.5302       1.4      A  41.4940       3.6      A  43.9261       3.6      B  37.7002   3.9638   2.4321  3.9591  1.8859  3.2886  1.859362  3.498436  1.909962    33.9  17.4
  UW.HEBO   -123.755    45.214       0.88  22.6580       1.4      A  26.8111       1.4      A  33.2868       1.4      A  23.5380   4.1531   6.4757  3.5174  2.0505  3.2605  1.765651  1.987466  1.774206     1.1  14.7
  CL.MINN   -123.264    45.211       0.22  34.1981       3.6      C  39.9505       6.4      C  41.8832       6.4      C  34.4181   5.7524   1.9327  3.7452  2.2761  3.4178  1.859981  3.172312  1.774446    29.1  14.6
  UO.LOKI   -123.108    45.062       0.16  43.4297       2.1      A  50.7852       6.4      C  50.7852       6.4      C  43.5897   7.3555   0.0000  3.9034  2.7714  3.9180  1.859789  2.857112  1.771644   -23.9  14.8
  UO.PERY   -123.260    45.041       0.05  32.0371       2.9      C  40.6734       2.1      C  47.9100       3.6      C  32.0871   8.6363   7.2366  3.5982  2.1370  3.4669  1.742649  3.492794  1.895497   -11.6   6.2
  YW.FAC1   -123.637    45.040       0.15  28.6677       2.1      A  32.9425       2.9      A  40.9440       2.9      A  28.8177   4.2748   8.0015  3.5643  2.6505  4.0466  1.859243  2.030636  1.771561   -10.0  14.4
  YW.FACK   -123.073    44.838       0.24  43.2622       2.9      A  48.9508       2.1      A  50.4313       2.1      B  43.5022   5.6886   1.4805  3.8834  2.2239  3.2969  1.859093  2.802509  1.771300    38.2  12.1
  UO.UCHR   -123.871    44.835       0.74  24.7235       1.4      A  30.3954       1.4      A  34.0355       1.4      A  25.4635   5.6719   3.6401  3.7729  2.7965  3.5580  1.857457  1.798820  1.905537    13.4  12.5
  TA.H03A   -123.292    44.676       0.21  35.6884       3.6      A  41.3875       3.6      A  43.9205       3.6      B  35.8984   5.6991   2.5330  3.8532  2.8127  3.6366  1.856924  3.314929  1.894599    35.4   3.9
  TA.H02A   -124.000    44.676       0.21  23.5814       1.4      A  29.7652       2.1      A  31.5303       2.1      A  23.7914   6.1838   1.7651  3.8068  2.2239  3.8581  1.859173  3.499303  1.771286     8.2  12.5
  XA.TOL0   -124.000    44.676       0.19  28.1540       2.9      C  33.7242       6.4      C  36.3155       6.4      C  28.3440   5.5702   2.5913  3.8082  2.0630  3.7423  1.804632  3.376054  1.909334    15.6  30.0
  UW.TOLO   -123.923    44.622       0.01  26.4906       1.4      C  26.6124       6.4      C  36.2118       1.4      C  26.5006   0.1218   9.5994  3.5517  2.2388  4.0497  1.673058  2.314454  1.908339    29.0   7.1
  UW.BABR   -123.789    44.621       0.44  24.9478       2.1      A  30.6409       2.1      A  36.2990       2.1      A  25.3878   5.6931   5.6581  3.6337  2.5995  3.7339  1.824394  3.469052  1.781863    18.8   3.3
  XA.BWO0   -123.566    44.612       0.29  34.1210       2.1      A  39.7628       3.6      A  45.9793       2.1      A  34.4110   5.6418   6.2165  3.8203  2.8972  4.0499  1.859121  2.245962  1.909998    31.1  17.6
   IU.COR   -123.305    44.586       0.11  39.6043       1.4      A  43.6222       2.1      A  45.8138       2.1      B  39.7143   4.0179   2.1916  3.9395  2.5484  3.5809  1.859982  3.188197  1.769974    30.0  11.1
  CL.WLOO   -122.738    44.523       0.28  44.8593       6.4      X  45.0393       6.4      X  59.5079       3.6      C  45.1393   0.1800  14.4686  3.6966  2.6302  3.8692  1.766975  1.793932  1.809418    16.8  11.9
   XZ.A17   -123.241    44.434       0.08  41.6029       2.1      A  47.4765       2.1      A  53.4614       2.1      A  41.6829   5.8736   5.9849  3.8496  2.4550  4.0500  1.851621  2.404603  1.770000     9.3  16.3
   XZ.A18   -123.185    44.431       0.09  37.8450       6.4      C  47.5784       6.4      C  49.0699       6.4      C  37.9350   9.7334   1.4915  3.7786  3.0988  3.9745  1.849045  2.429069  1.771443    19.5  14.2
   XZ.A13   -123.451    44.430       0.41  41.5054       6.4      C  48.4891       6.4      C  54.5091       6.4      C  41.9154   6.9837   6.0200  3.9410  2.6451  3.3115  1.816544  1.826623  1.794323   -11.8  29.2
   XZ.A01   -124.049    44.429       0.05  22.9754       2.1      C  30.3559       6.4      C  36.7508       6.4      C  23.0254   7.3805   6.3949  3.6341  2.3054  3.3867  1.700063  2.051184  1.771134    88.1  19.3
   XZ.A15   -123.341    44.429       0.16  36.7197       2.9      A  41.8453       2.1      A  50.2005       2.1      A  36.8797   5.1256   8.3552  3.5938  2.4796  4.0449  1.858339  2.877319  1.819081     5.4  15.6
   XZ.A23   -122.944    44.427       0.25  43.1145       6.4      X  49.0512       6.4      X  57.8513       6.4      X  43.3645   5.9367   8.8001  3.8287  2.3640  4.0049  1.846658  3.494628  1.798996    54.7  29.9
   XZ.A05   -123.852    44.427       0.59  25.4046       2.1      A  28.8173       1.4      A  31.4395       1.4      B  25.9946   3.4127   2.6222  3.5205  2.6684  3.8777  1.856043  3.384800  1.848338   -46.7   2.5
   XZ.A06   -123.805    44.427       0.49  27.6013       2.1      A  32.2307       1.4      A  35.6959       1.4      A  28.0913   4.6294   3.4652  3.9560  2.2443  3.2633  1.859884  3.496636  1.876689    89.4   7.5
   XZ.A14   -123.400    44.426       0.22  37.3519       2.1      A  43.0176       2.1      C  48.2241       2.1      C  37.5719   5.6657   5.2065  3.9521  2.7817  3.8833  1.858303  2.185894  1.770092    57.1  13.3
   XZ.A19   -123.142    44.426       0.08  47.0793       6.4      X  51.7119       6.4      X  56.7230       6.4      X  47.1593   4.6326   5.0111  3.7107  2.6861  3.4783  1.837713  2.455158  1.787597   -89.8  13.0
   XZ.A09   -123.657    44.426       0.89  37.1777       2.9      C  44.9448       3.6      C  51.9697       3.6      C  38.0677   7.7671   7.0249  3.9549  2.5920  4.0383  1.854560  1.787076  1.906892   -11.7  30.7
   XZ.A25   -122.844    44.425       0.29  54.9321       6.4      X  55.2599       6.4      X  67.0252       6.4      X  55.2221   0.3278  11.7653  3.9537  2.6788  3.3083  1.842426  3.400739  1.815464   -28.6  25.5
   XZ.A22   -122.984    44.425       0.11  50.9185       6.4      X  57.7405       6.4      X  60.3229       6.4      X  51.0285   6.8220   2.5824  3.8491  2.1291  3.2830  1.695565  2.360763  1.771459    61.6  29.7
   XZ.A20   -123.093    44.424       0.09  45.6939       6.4      X  52.4213       6.4      X  57.7499       6.4      X  45.7839   6.7274   5.3286  3.7299  3.0340  3.4878  1.778948  1.782762  1.909685    76.4  23.4
   XZ.A03   -123.948    44.423       0.44  23.5994       1.4      A  28.8992       2.1      A  32.5857       2.1      A  24.0394   5.2998   3.6865  3.5832  2.5698  3.7821  1.859148  1.989882  1.908199   -28.5   9.7
   XZ.A24   -122.898    44.422       0.55  43.9776       6.4      X  47.2244       6.4      X  57.2076       6.4      X  44.5276   3.2468   9.9832  3.7593  2.4366  3.4781  1.773628  1.877411  1.836175    88.8  16.4
   XZ.A08   -123.701    44.421       0.79  26.6832       1.4      A  31.2167       1.4      A  35.7404       1.4      A  27.4732   4.5335   4.5237  3.5428  1.9365  3.2616  1.791210  3.401394  1.893457    -1.2  11.7
   XZ.A11   -123.539    44.421       0.14  33.5494       2.1      A  40.8281       3.6      A  44.1849       2.1      A  33.6894   7.2787   3.3568  3.7955  2.6307  3.4606  1.853774  2.062911  1.770502    14.1  14.7
   XZ.A02   -124.003    44.420       0.04  27.6425       2.9      C  30.6812       6.4      C  34.0999       6.4      C  27.6825   3.0387   3.4187  3.8739  3.0790  4.0054  1.729626  3.324553  1.908474   -47.0   5.8
   XZ.A26   -122.801    44.420       0.10  55.0871       6.4      X  63.0498       6.4      X  70.3760       6.4      X  55.1871   7.9627   7.3262  3.6808  2.0475  3.9931  1.791839  1.885128  1.772032   -27.3  29.9
   XZ.A21   -123.038    44.420       0.10  45.3427       6.4      X  51.0241       6.4      X  53.7865       6.4      X  45.4427   5.6814   2.7624  3.9594  2.6473  3.4832  1.740668  3.228535  1.772795    49.1  14.0
   XZ.A12   -123.498    44.420       0.65  35.4929       2.9      A  42.4136       2.1      A  47.4102       2.1      A  36.1429   6.9207   4.9966  3.9093  2.6955  3.8859  1.853247  2.287590  1.861139     2.9  15.6
  CL.ALS0   -123.595    44.410       0.32  32.8942       2.9      A  36.7771       2.9      A  39.2820       2.9      A  33.2142   3.8829   2.5049  3.8136  2.2817  3.3587  1.860001  2.969058  1.778456    35.9  13.1
  UO.ALSE   -123.590    44.382       0.10  34.2153       2.9      A  41.3429       2.1      A  46.4576       2.1      A  34.3153   7.1276   5.1147  3.9374  2.8815  3.8790  1.856504  2.172653  1.771359     4.1  16.5
  XA.ALP0   -123.407    44.338       0.18  35.2949       2.1      A  45.1762       2.9      A  50.2213       2.1      A  35.4749   9.8813   5.0451  3.9543  2.8755  4.0497  1.857826  2.237489  1.795540   -14.5  15.0
  CL.YAC1   -124.088    44.298       0.32  22.4079       2.1      A  26.4472       2.1      A  30.6004       1.4      A  22.7279   4.0393   4.1532  3.5561  2.3595  3.6408  1.731841  3.429286  1.908646   -80.6   3.7
  UO.VITI   -123.318    44.282       0.26  40.1808       3.6      A  46.0099       2.9      A  54.4808       2.9      A  40.4408   5.8291   8.4709  3.8639  2.6165  4.0365  1.859494  2.915154  1.770519     3.2  15.7
  UO.BUCK   -122.986    44.197       0.96  53.0153       2.1      C  58.3099       2.9      C  67.2312       2.9      C  53.9753   5.2946   8.9213  3.9596  2.3184  4.0459  1.690802  2.840795  1.908426    29.0  27.4
  CL.BEER   -123.847    44.108       0.12  24.8503       3.6      B  33.7162       3.6      A  33.7162       3.6      B  24.9703   8.8659   0.0000  3.5041  2.4531  3.3433  1.840330  2.972565  1.773607    -0.1   8.1
   UO.EUO   -123.070    44.029       0.16  45.6016       6.4      A  54.0368       6.4      A  54.0368       6.4      X  45.7616   8.4352   0.0000  3.9122  2.7413  4.0402  1.857548  2.023748  1.793797    18.8  14.1
  CL.MAP0   -123.830    44.004       0.14  32.4504       1.4      A  35.5507       1.4      A  38.5753       1.4      A  32.5904   3.1003   3.0246  3.9522  2.6208  3.9440  1.859471  2.431548  1.770157    26.7  11.5
  TA.I03A   -123.278    43.973       0.21  35.7492       3.6      A  43.0468       3.6      A  47.4869       3.6      A  35.9592   7.2976   4.4401  3.9524  2.7270  3.8265  1.790659  2.741217  1.771645   -68.2   0.1
  UO.IRYS   -123.257    43.886       0.33  36.0089       6.4      A  45.0460       6.4      B  48.1395       6.4      B  36.3389   9.0371   3.0935  3.9386  2.7097  3.6564  1.695145  2.547145  1.773411   -89.3   8.9
  UW.JEDS   -124.049    43.752       0.16  26.9446       1.4      A  29.9907       2.1      A  33.0317       2.1      A  27.1046   3.0461   3.0410  3.6407  3.0993  3.8565  1.859642  2.017649  1.898665   -25.6   6.9
  UW.TAKO   -124.083    43.743       0.01  25.4677       2.1      A  28.6338       2.1      A  31.6566       2.1      A  25.4777   3.1661   3.0228  3.5187  2.7749  4.0461  1.844119  3.176439  1.903883     5.5   8.3
  CL.DRAN   -123.349    43.697       0.14  36.6686       2.1      A  41.6129       2.1      A  43.9798       2.1      A  36.8086   4.9443   2.3669  3.5295  2.5983  3.8616  1.849440  2.614594  1.786772    26.0  12.6
  YW.FACO   -123.807    43.536       0.20  29.3223       3.6      A  33.5091       6.4      A  35.4273       6.4      A  29.5223   4.1868   1.9182  3.5100  2.8450  3.6987  1.838177  2.521195  1.815692    17.9   9.7
  YW.FACR   -123.121    43.434       0.37  37.9213       3.6      C  46.3101       2.9      C  49.7166       6.4      C  38.2913   8.3888   3.4065  3.8808  2.3482  3.3662  1.710395  1.794268  1.771374   -51.6  13.7
  UO.VINO   -123.422    43.428       0.32  26.6735       6.4      C  35.0247       6.4      C  45.3621       6.4      C  26.9935   8.3512  10.3374  3.7847  2.5691  4.0482  1.687135  2.139154  1.907638    25.7  44.8
  TA.J03A   -122.965    43.372       0.29  41.2143       6.4      X  50.0046       6.4      X  53.8837       6.4      X  41.5043   8.7903   3.8791  3.6203  2.7367  4.0424  1.851697  2.308218  1.897734   -60.0  44.8
  TA.J02A   -123.575    43.365       0.14  35.2120       2.1      A  39.3894       6.4      A  41.3743       6.4      A  35.3520   4.1774   1.9849  3.9121  2.3857  3.2815  1.858593  3.330092  1.772330    -9.9  11.2
  YW.FACP   -124.085    43.214       0.07  24.1126       2.1      A  25.4390       6.4      C  31.7957       1.4      A  24.1826   1.3264   6.3567  3.5752  2.5546  3.6407  1.670955  1.823965  1.773038   -84.4   2.6
  CL.LAIR   -123.931    43.161       0.13  25.5156       1.4      A  30.1612       2.1      A  33.8658       2.1      A  25.6456   4.6456   3.7046  3.5011  2.6874  3.3581  1.751535  1.770112  1.908907    13.0  17.1
  UO.WYLD   -123.429    43.144       0.27  42.0580       2.9      B  42.5789       6.4      C  48.3272       2.1      B  42.3280   0.5209   5.7483  3.5414  2.9404  3.9805  1.790930  3.464699  1.852782   -10.7  15.4
   UO.DBO   -123.244    43.119       0.96  26.4469       6.4      C  36.5034       6.4      C  41.2762       6.4      C  27.4069  10.0565   4.7728  3.5016  2.0410  3.2614  1.834961  2.826703  1.775219    29.9   6.4
  YW.FACQ   -124.060    42.909       0.16  24.9272       2.1      A  28.1263       2.1      A  31.6027       2.1      A  25.0872   3.1991   3.4764  3.5122  2.1816  3.4896  1.856443  1.769985  1.777109   -17.5  15.4
   UW.BBO   -122.680    42.888       1.62  30.2884       6.4      X  41.8289       6.4      X  46.9947       6.4      X  31.9084  11.5405   5.1658  3.5159  1.7154  3.2645  1.777724  3.030838  1.774422     0.4  30.0
   UO.KEB   -124.334    42.872       0.85  19.1200       2.1      A  22.0977       2.1      A  28.0642       2.1      A  19.9700   2.9777   5.9665  3.5123  2.9895  4.0128  1.846852  1.772838  1.771706   -39.3  14.9
  UO.DING   -124.054    42.862       0.10  26.6905       1.4      A  29.1305       2.1      A  34.7937       2.1      A  26.7905   2.4400   5.6632  3.8410  2.4507  3.2608  1.859854  2.034480  1.863285   -17.1  16.1
  TA.K01A   -124.469    42.809       0.17  11.5925       2.1      A  11.6809       1.4      B  22.9503       2.1      A  11.7625   0.0884  11.2694  3.5010  1.9554  4.0498  1.838075  1.770993  1.868191    63.0   0.3
  YW.FACS   -123.372    42.786       0.51  30.8921       3.6      A  36.7524       6.4      A  43.9731       6.4      A  31.4021   5.8603   7.2207  3.5543  2.4690  3.5004  1.857300  2.112191  1.777511    24.0  12.2
  TA.K02A   -123.490    42.767       0.96  31.4616       2.9      A  39.5978       3.6      A  42.7024       3.6      A  32.4216   8.1362   3.1046  3.5707  2.5691  3.9294  1.681771  2.437546  1.801216    31.9  15.6
  CL.ROGE   -123.665    42.695       0.99  27.9872       2.1      A  33.0658       2.1      A  37.0037       2.1      A  28.9772   5.0786   3.9379  3.5438  2.2866  3.2697  1.859699  2.625907  1.771630   -12.0  14.9
  UO.HBUG   -124.379    42.641       0.39  13.4279       1.4      A  13.6847       1.4      A  28.0478       1.4      A  13.8179   0.2568  14.3631  3.5071  2.0854  4.0386  1.678196  2.213964  1.771455   -58.9   9.4
  BK.HUMO   -122.957    42.607       0.55  33.1311       6.4      X  47.2254       6.4      X  52.0023       6.4      X  33.6811  14.0943   4.7769  3.9587  1.5799  4.0497  1.670245  3.499335  1.907573     2.9  44.9
  YW.FACT   -124.066    42.557       0.08  22.4030       2.9      A  24.6539       3.6      A  32.6956       3.6      A  22.4830   2.2509   8.0417  3.6304  1.3370  3.5507  1.852799  1.770307  1.770355     9.5  17.5
 YS.GPSS1   -123.370    42.500       0.80  35.8407       3.6      A  41.9061       3.6      A  45.5567       3.6      A  36.6407   6.0654   3.6506  3.8763  2.5331  3.5537  1.840079  1.770005  1.770155   -23.2  15.6
  UO.SISQ   -123.632    42.275       0.40  31.4924       2.1      A  34.8373       2.1      A  39.2146       2.1      A  31.8924   3.3449   4.3773  3.8236  2.0801  3.2795  1.828303  2.515696  1.826132   -18.0  16.9
   CL.KBO   -124.226    42.212       1.01  20.1264       2.9      A  22.9016       3.6      A  26.3660       3.6      A  21.1364   2.7752   3.4644  3.5252  2.1190  3.6942  1.821429  2.196555  1.773699    64.6  14.9
  CL.L02E   -123.603    42.158       0.45  27.7773       2.1      A  31.9764       2.1      A  37.8351       2.1      A  28.2273   4.1991   5.8587  3.5746  2.3413  3.6205  1.859733  3.495110  1.772683   -19.6  12.0
  CL.FACV   -123.602    42.156       0.46  29.0024       2.1      A  33.3992       1.4      A  39.4105       1.4      A  29.4624   4.3968   6.0113  3.7081  2.4959  3.5721  1.859793  3.082095  1.770023   -28.1  11.1
  UO.CAVE   -123.571    42.121       0.44  31.0222       2.9      A  36.6695       2.1      A  40.9759       2.1      A  31.4622   5.6473   4.3064  3.7624  2.9063  4.0241  1.859425  2.444379  1.908079   -27.7  15.1
  BK.SIGP   -124.068    41.873       0.55  18.3152       1.4      A  21.8047       2.1      A  28.6495       1.4      A  18.8652   3.4895   6.8448  3.5052  2.7124  3.6660  1.832192  1.773780  1.773131    -7.9   7.3
  TA.M01C   -124.122    41.847       0.04  16.4098       2.9      A  16.4160       1.4      A  23.9858       1.4      A  16.4498   0.0062   7.5698  3.5237  2.1914  3.4720  1.856060  1.793967  1.895853   -27.7   6.1
  BK.MOGU   -122.421    41.831       0.83  58.7402       6.4      X  68.0211       6.4      X  72.7860       6.4      X  59.5702   9.2809   4.7649  3.9526  1.7761  3.8046  1.679730  3.497100  1.879409   -89.9   4.6
  NC.KSXB   -123.877    41.830       1.14  13.0978       1.4      B  22.9469       2.1      A  25.8730       2.1      A  14.2378   9.8491   2.9261  3.6256  2.4422  3.7562  1.859747  2.002989  1.904771     5.6  10.5
  XQ.ME01   -123.403    41.775       0.34  29.4959       2.1      A  35.7711       2.1      A  39.3367       2.1      A  29.8359   6.2752   3.5656  3.8928  2.5011  3.2950  1.682850  2.634801  1.805584    16.9  10.8
   BK.YBH   -122.710    41.732       1.06  41.3915       6.4      X  53.9738       6.4      C  60.2915       6.4      X  42.4515  12.5823   6.3177  3.5018  1.4749  3.2633  1.832372  2.286867  1.810407    -6.3  44.9
  XQ.ME03   -123.881    41.702       0.28  14.5118       3.6      B  24.5663       2.1      A  29.9070       2.1      A  14.7918  10.0545   5.3407  3.5024  2.8252  4.0488  1.857555  1.965383  1.794803    24.9  10.0
  NC.KRMB   -123.908    41.523       1.27  14.9237       1.4      B  23.0905       2.1      A  28.5234       1.4      A  16.1937   8.1668   5.4329  3.5113  2.7876  3.7087  1.811352  2.129574  1.771780   -27.8  13.5
  TA.M02C   -122.854    41.392       0.96  29.3730       6.4      X  36.9221       6.4      X  47.2904       6.4      X  30.3330   7.5491  10.3683  3.9157  2.7027  3.8438  1.670097  3.280497  1.908112     0.2  24.6
  XQ.ME04   -123.514    41.355       0.43  19.8878       2.1      A  26.4404       2.9      A  29.5944       2.9      B  20.3178   6.5526   3.1540  3.5094  2.7389  3.4939  1.699407  2.835299  1.771545   -42.8   7.2
  XQ.ME07   -123.912    41.168       0.68  19.0365       2.1      A  23.6791       3.6      A  30.3993       3.6      A  19.7165   4.6426   6.7202  3.5706  2.6791  3.3570  1.692741  1.770893  1.770390    -9.3  21.9
  XQ.ME29   -123.141    41.142       0.72  25.9593       2.9      A  38.0098       2.1      C  38.0098       2.1      A  26.6793  12.0505   0.0000  3.7530  2.7856  3.3272  1.729043  2.444572  1.772421    16.5  36.7
  TA.N02D   -122.705    40.974       0.94  26.7898       1.4      X  35.0319       2.1      X  41.0093       2.1      X  27.7298   8.2421   5.9774  3.6985  2.6028  3.2605  1.674652  3.178423  1.789572    -1.7  24.4
   BK.ARC   -124.077    40.878       0.03  17.7489       2.1      A  18.0057       1.4      A  25.0694       2.1      A  17.7789   0.2568   7.0637  3.5154  2.2392  3.7389  1.858878  1.777287  1.770895    90.0   4.2
  NC.KHMB   -123.733    40.875       1.50  17.0888       2.1      A  22.2452       2.1      A  27.0707       2.1      A  18.5888   5.1564   4.8255  3.5031  2.3892  3.4758  1.671291  1.774694  1.907331    89.9  13.8
  XQ.ME30   -123.565    40.843       0.24  21.0607       2.1      A  25.7620       2.1      A  33.8879       2.1      A  21.3007   4.7013   8.1259  3.5058  2.9277  3.8534  1.670945  2.016327  1.770618     1.2  14.1
  TA.N02C   -123.306    40.822       0.72  17.3837       6.4      C  20.9234       6.4      C  29.4718       6.4      C  18.1037   3.5397   8.5484  3.5045  3.0829  3.2808  1.773919  2.998994  1.894446    -0.8   9.8
   BK.JCC   -124.030    40.817       0.03  17.8141       2.1      A  20.4539       1.4      A  27.1315       1.4      A  17.8441   2.6398   6.6776  3.5014  3.0985  3.8759  1.752213  2.175278  1.770428   -10.3   6.8
  XQ.ME13   -122.918    40.764       0.76  25.8802       2.1      A  35.4357       2.1      A  46.1230       1.4      A  26.6402   9.5555  10.6873  3.5943  2.3909  3.6102  1.699274  1.604500  1.825578   -66.8   8.9
  BK.WEAV   -122.984    40.746       1.07  26.4483       2.9      A  35.1081       2.1      A  40.1696       2.1      A  27.5183   8.6598   5.0615  3.5249  2.6157  3.7501  1.776050  2.038078  1.903336    -3.4  13.5
  XQ.ME31   -123.947    40.722       0.82  17.0262       2.1      A  22.3139       1.4      A  25.2390       6.4      A  17.8462   5.2877   2.9251  3.5179  1.3114  4.0489  1.714602  1.770169  1.794957    43.7  22.7
  BK.DMOR   -123.703    40.710       1.30  19.7360       6.4      A  25.6241       6.4      C  27.9918       6.4      A  21.0360   5.8881   2.3677  3.5032  2.7922  4.0478  1.839004  1.799692  1.776199   -58.2  15.1
  NC.KHBB   -123.220    40.660       1.86  23.0562       3.6      B  28.4177       3.6      A  34.8684       3.6      A  24.9162   5.3615   6.4507  3.6238  2.7085  3.7276  1.671615  3.495625  1.771301    89.2   1.9
  XQ.ME32   -123.859    40.591       0.71  15.6031       2.9      A  15.6144       6.4      B  26.3308       2.9      A  16.3131   0.0113  10.7164  3.5059  2.1018  4.0452  1.676346  1.773432  1.770419    87.0   3.8
   BK.WDC   -122.541    40.580       0.27  37.7117       2.9      A  47.1945       4.3      C  53.2207       4.3      C  37.9817   9.4828   6.0262  3.9471  2.2832  3.2638  1.856958  1.998029  1.775905   -13.1  17.8
  BK.HAYF   -123.232    40.523       0.78  27.3332       2.1      A  27.8786       2.1      C  35.6052       1.4      A  28.1132   0.5454   7.7266  3.7427  3.0808  3.4815  1.753921  1.660186  1.903174   -21.6  20.9
  XQ.ME34   -124.127    40.483       0.24  11.4045       2.9      B  16.1236       2.1      B  29.4719       2.9      B  11.6445   4.7191  13.3483  3.5073  3.0327  3.6498  1.684800  2.836515  1.891282    89.7  19.8
  XQ.ME35   -123.748    40.483       0.37  20.6280       1.4      A  26.3094       1.4      C  26.3094       1.4      A  20.9980   5.6814   0.0000  3.5036  3.0268  4.0091  1.669997  1.771111  1.907012    89.8  11.4
  XQ.ME33   -123.802    40.483       0.37  10.1364       6.4      C  17.1564       6.4      C  24.0012       6.4      C  10.5064   7.0200   6.8448  3.6099  2.9399  3.3051  1.711432  2.869451  1.893861    85.4  43.7
  BK.DLIK   -122.894    40.455       1.29  30.9553       2.1      A  34.5275       1.4      A  48.0665       2.1      B  32.2453   3.5722  13.5390  3.5026  2.7232  3.9641  1.763661  2.469668  1.771171    34.4   6.7
  XQ.ME27   -123.155    40.453       0.77  18.8630       2.1      C  19.3710       6.4      C  31.5475       2.1      C  19.6330   0.5080  12.1765  3.7216  2.9866  3.2967  1.674280  3.476562  1.771772    -3.2   8.4
  BK.RBOW   -124.111    40.335       1.10  15.2695       2.1      A  15.5407       0.7      A  29.3457       2.1      A  16.3695   0.2712  13.8050  3.5009  2.2612  3.6710  1.738696  1.796170  1.810978    -7.2  15.2
  BK.PETL   -124.343    40.288       0.05  15.3803       2.1      B  18.3084       1.4      B  27.3868       2.1      B  15.4303   2.9281   9.0784  3.5358  2.6104  3.9972  1.697381  1.771376  1.817998   -43.3  20.0
  XQ.ME37   -123.654    40.285       0.50  21.1102       1.4      A  23.1635       2.1      A  30.4169       3.6      A  21.6102   2.0533   7.2534  3.5034  2.8976  3.6928  1.670120  3.491855  1.793869    85.5   4.9
  XQ.ME36   -124.164    40.248       0.07  15.2230       2.1      A  15.2458       0.7      A  26.7015       1.4      A  15.2930   0.0228  11.4557  3.5093  1.9315  4.0484  1.673468  1.769972  1.778184   -71.8   9.2
  XQ.ME08   -123.305    40.222       0.83  18.3905       4.3      B  28.6869       6.4      C  30.7495       2.1      B  19.2205  10.2964   2.0626  3.5111  2.8781  3.8416  1.853977  2.132136  1.770252   -18.3  13.9
   NC.KMR   -123.709    40.202       0.92  17.1411       3.6      B  17.2040       3.6      C  30.9979       3.6      B  18.0611   0.0629  13.7939  3.5560  1.6494  3.9240  1.858015  2.454105  1.863456   -28.9  15.3
  XQ.ME39   -123.594    40.188       0.34  18.2030       1.4      B  18.2329       6.4      X  31.8647       1.4      A  18.5430   0.0299  13.6318  3.6540  1.3100  3.9758  1.837083  3.336641  1.902133   -31.2   0.6
  CL.O02D   -122.788    40.177       0.96  28.0570       2.1      C  40.3284       2.9      B  45.9268       2.9      B  29.0170  12.2714   5.5984  3.8951  1.3778  4.0435  1.730122  1.779649  1.772944     2.2  41.0
  BK.PETY   -122.788    40.177       0.96  30.2605       6.4      X  38.5690       6.4      X  50.3213       6.4      X  31.2205   8.3085  11.7523  3.8860  1.5166  4.0484  1.770072  3.350257  1.866416    11.4  44.8
  TA.O01C   -123.820    40.140       0.14  17.8492       2.1      A  17.8562       6.4      C  28.2626       2.1      A  17.9892   0.0070  10.4064  3.5027  2.3787  3.6223  1.857881  1.800395  1.907517    10.2   6.5
  BK.BRIC   -123.897    40.112       0.18   8.7058       6.4      X   8.7568       6.4      X  23.1175       6.4      X   8.8858   0.0510  14.3607  3.5309  2.1677  4.0497  1.832366  3.283895  1.792972   -52.3  41.7
  XQ.ME38   -123.503    40.101       0.28  21.2937       3.6      A  21.5815       6.4      X  29.9777       3.6      A  21.5737   0.2878   8.3962  3.5226  2.3350  3.7567  1.857946  1.772077  1.869992    81.4   3.0
  NC.KCPB   -123.582    39.686       1.26  14.3006       6.4      A  18.2211       6.4      A  20.3186       6.4      A  15.5606   3.9205   2.0975  3.5001  3.0990  3.2732  1.817320  3.489061  1.770561   -59.6   4.3