 -124.693100    40.323100
 -124.783600    40.468600
 -124.879100    40.629100
 -124.894200    40.701600
 -124.884100    40.796800
 -124.853900    40.884300
 -124.944400    40.990600
 -125.040000    41.127100
 -125.075200    41.255700
 -125.075200    41.380300
 -125.130500    41.474600
 -125.180700    41.587500
 -125.221000    41.722700
 -125.180700    41.808900
 -125.200900    41.842700
 -125.236000    41.936200
 -125.281300    42.022200
 -125.296400    42.111800
 -125.291300    42.231000
 -125.226000    42.298000
 -125.125400    42.346300
 -125.120400    42.390900
 -125.160600    42.442800
 -125.205900    42.517000
 -125.210900    42.620700
 -125.175700    42.709400
 -125.236000    42.831200
 -125.246100    42.927000
 -125.276300    43.004200
 -125.286300    43.110800
 -125.316500    43.195100
 -125.366800    43.272100
 -125.391900    43.356200
 -125.381800    43.469400
 -125.407000    43.553300
 -125.442200    43.622500
 -125.432100    43.687900
 -125.412000    43.815000
 -125.356700    43.960000
 -125.356700    44.079300
 -125.326500    44.169500
 -125.316500    44.245200
 -125.351700    44.310000
 -125.361700    44.475200
 -125.356700    44.582800
 -125.346700    44.708000
 -125.361700    44.843600
 -125.371800    44.946900
 -125.432100    45.092600
 -125.412000    45.198900
 -125.442200    45.329900
 -125.432100    45.464000
 -125.442200    45.583800
 -125.432100    45.692800
 -125.492500    45.773500
 -125.512600    45.850600
 -125.643300    46.081200
 -125.718700    46.269200
 -125.769000    46.335200
 -125.809200    46.473900
 -125.839400    46.581100
 -125.894700    46.684700
 -125.914800    46.781200
 -125.965000    46.887800
 -125.985200    46.983900
 -126.086000    47.153400
 -126.123600    47.258900
 -126.189500    47.367400
 -126.236500    47.431100
 -126.236500    47.513800
 -126.274200    47.640700
 -126.311800    47.659800
 -126.327000    47.716200
 -126.407500    47.848000
 -126.462800    47.959200
 -126.518100    48.140700
 -126.583400    48.194400
 -126.673900    48.268000
 -126.749400    48.398400
 -126.875000    48.431800
 -126.940400    48.471800
 -127.010800    48.505100
 -127.051000    48.558400
 -127.106300    48.581600
 -127.211900    48.621500
 -127.272200    48.651400
 -127.327500    48.711200
 -127.402900    48.747700
 -127.528600    48.794100
 -127.604000    48.863600
 -127.674400    48.933000
 -127.694500    48.979200
 -127.724700    49.091300
 -127.709600    49.176800
 -127.704600    49.262200
 -127.754900    49.350700
 -127.759900    49.429200
 -127.880600    49.494600
 -127.996200    49.550100
 -128.074300    49.599900
 -128.176500    49.609800
 -128.296500    49.601500
 -128.424100    49.619700
 -128.498200    49.646200
 -128.572200    49.676000
 -128.654000    49.699100
 -127.003000    50.559000
 -126.056000    50.403000
 -122.666000    49.274000
 -122.096000    48.264000
 -122.249000    47.556000
 -122.738000    44.523000
 -122.680000    42.888000
 -122.421000    41.831000
 -122.000000    40.000000
 -123.582000    39.686000
 -124.343000    40.288000
