-125.099374 40.426283 -5.000000
-125.084165 40.464476 -5.000000
-125.068937 40.502666 -5.000000
-125.053690 40.540841 -5.000000
-125.038425 40.579025 -5.000000
-125.035134 40.603181 -5.000000
-125.031839 40.627348 -5.000000
-125.028542 40.651503 -5.000000
-125.025242 40.675658 -5.000000
-125.027450 40.698121 -5.000000
-125.029643 40.720571 -5.000000
-125.031836 40.743022 -5.000000
-125.034048 40.765485 -5.000000
-125.046772 40.809690 -5.000000
-125.059527 40.853894 -5.000000
-125.072298 40.898096 -5.000000
-125.085067 40.942298 -5.000000
-125.086168 41.000769 -5.000000
-125.087269 41.059252 -5.000000
-125.088368 41.117734 -5.000000
-125.089466 41.176204 -5.000000
-125.081528 41.245460 -5.000000
-125.073587 41.314726 -5.000000
-125.065624 41.383990 -5.000000
-125.057623 41.453240 -5.000000
-125.048724 41.510062 -5.000000
-125.039807 41.566882 -5.000000
-125.030872 41.623700 -5.000000
-125.021934 41.680517 -5.000000
-125.020208 41.741417 -5.000000
-125.018492 41.802329 -5.000000
-125.016753 41.863241 -5.000000
-125.015006 41.924140 -5.000000
-125.023486 41.970878 -5.000000
-125.031976 42.017616 -5.000000
-125.040477 42.064341 -5.000000
-125.048988 42.111078 -5.000000
-125.068147 42.172301 -5.000000
-125.087357 42.233522 -5.000000
-125.106601 42.294740 -5.000000
-125.125863 42.355956 -5.000000
-125.148803 42.435939 -5.000000
-125.171814 42.515930 -5.000000
-125.194879 42.595905 -5.000000
-125.217980 42.675877 -5.000000
-125.238298 42.756438 -5.000000
-125.258664 42.836995 -5.000000
-125.279078 42.917550 -5.000000
-125.299540 42.998101 -5.000000
-125.314668 43.077289 -5.000000
-125.329830 43.156475 -5.000000
-125.345026 43.235659 -5.000000
-125.360257 43.314841 -5.000000
-125.370898 43.391517 -5.000000
-125.381562 43.468191 -5.000000
-125.392248 43.544864 -5.000000
-125.402956 43.621536 -5.000000
-125.413515 43.718432 -5.000000
-125.424102 43.815326 -5.000000
-125.434715 43.912232 -5.000000
-125.445356 44.009123 -5.000000
-125.458428 44.180343 -5.000000
-125.471536 44.351547 -5.000000
-125.484698 44.522747 -5.000000
-125.497932 44.693942 -5.000000
-125.518772 44.902801 -5.000000
-125.539750 45.111664 -5.000000
-125.560848 45.320514 -5.000000
-125.582052 45.529356 -5.000000
-125.599361 45.639318 -5.000000
-125.616730 45.749276 -5.000000
-125.634159 45.859232 -5.000000
-125.651648 45.969184 -5.000000
-125.684290 46.109753 -5.000000
-125.717084 46.250313 -5.000000
-125.750033 46.390864 -5.000000
-125.783139 46.531405 -5.000000
-125.827176 46.664281 -5.000000
-125.871418 46.797134 -5.000000
-125.915849 46.929972 -5.000000
-125.960509 47.062798 -5.000000
-126.004843 47.170738 -5.000000
-126.049369 47.278668 -5.000000
-126.094052 47.386581 -5.000000
-126.138912 47.494472 -5.000000
-126.196124 47.596214 -5.000000
-126.253554 47.697928 -5.000000
-126.311203 47.799615 -5.000000
-126.369073 47.901274 -5.000000
-126.422988 47.971247 -5.000000
-126.477047 48.041196 -5.000000
-126.531252 48.111120 -5.000000
-126.585611 48.181019 -5.000000
-126.678099 48.277856 -5.000000
-126.770944 48.374627 -5.000000
-126.864130 48.471323 -5.000000
-126.957668 48.567939 -5.000000
-127.098813 48.707411 -5.000000
-127.240746 48.846709 -5.000000
-127.281446 49.908091 -20.000000
-127.220595 49.843499 -20.000000
-127.192989 49.814135 -20.000000
-127.159837 49.781955 -20.000000
-127.087056 49.711140 -20.000000
-127.014486 49.640286 -20.000000
-126.981569 49.608062 -20.000000
-126.927244 49.566067 -20.000000
-126.873012 49.524047 -20.000000
-126.818873 49.482001 -20.000000
-126.764826 49.439931 -20.000000
-126.704258 49.399193 -20.000000
-126.643780 49.358431 -20.000000
-126.583403 49.317637 -20.000000
-126.523134 49.276806 -20.000000
-126.386916 49.199914 -20.000000
-126.251121 49.122859 -20.000000
-126.115738 49.045648 -20.000000
-125.980776 48.968289 -20.000000
-125.949001 48.946483 -20.000000
-125.917254 48.924669 -20.000000
-125.885534 48.902846 -20.000000
-125.853842 48.881008 -20.000000
-125.792173 48.831527 -20.000000
-125.730644 48.782013 -20.000000
-125.669235 48.732468 -20.000000
-125.607927 48.682892 -20.000000
-125.515473 48.592744 -20.000000
-125.423344 48.502532 -20.000000
-125.331539 48.412245 -20.000000
-125.240055 48.321889 -20.000000
-125.216583 48.297167 -20.000000
-125.165058 48.242754 -20.000000
-125.113641 48.188313 -20.000000
-125.090290 48.163561 -20.000000
-125.055610 48.119684 -20.000000
-125.020988 48.075797 -20.000000
-124.986424 48.031901 -20.000000
-124.951918 47.987996 -20.000000
-124.907238 47.918848 -20.000000
-124.862673 47.849685 -20.000000
-124.818223 47.780507 -20.000000
-124.773887 47.711313 -20.000000
-124.739066 47.642775 -20.000000
-124.704332 47.574228 -20.000000
-124.669684 47.505671 -20.000000
-124.635122 47.437106 -20.000000
-124.611369 47.377126 -20.000000
-124.587666 47.317142 -20.000000
-124.564013 47.257153 -20.000000
-124.540410 47.197161 -20.000000
-124.520398 47.139503 -20.000000
-124.500427 47.081842 -20.000000
-124.480495 47.024178 -20.000000
-124.460602 46.966511 -20.000000
-124.446769 46.919085 -20.000000
-124.432958 46.871657 -20.000000
-124.419168 46.824228 -20.000000
-124.405401 46.776797 -20.000000
-124.397363 46.726925 -20.000000
-124.389338 46.677053 -20.000000
-124.381324 46.627180 -20.000000
-124.373323 46.577307 -20.000000
-124.366447 46.525835 -20.000000
-124.359581 46.474363 -20.000000
-124.352724 46.422891 -20.000000
-124.345878 46.371418 -20.000000
-124.343159 46.311978 -20.000000
-124.337183 46.181200 -20.000000
-124.331216 46.050414 -20.000000
-124.328507 45.990966 -20.000000
-124.328926 45.902240 -20.000000
-124.329353 45.813519 -20.000000
-124.329770 45.724796 -20.000000
-124.330160 45.636067 -20.000000
-124.330921 45.550300 -20.000000
-124.331690 45.464532 -20.000000
-124.332448 45.378763 -20.000000
-124.333178 45.292993 -20.000000
-124.330624 45.199433 -20.000000
-124.328068 45.105871 -20.000000
-124.325511 45.012309 -20.000000
-124.322952 44.918745 -20.000000
-124.309107 44.745671 -20.000000
-124.295329 44.572592 -20.000000
-124.281600 44.399511 -20.000000
-124.267900 44.226427 -20.000000
-124.251916 44.061472 -20.000000
-124.235990 43.896527 -20.000000
-124.220122 43.731579 -20.000000
-124.204292 43.566616 -20.000000
-124.191395 43.454010 -20.000000
-124.178515 43.341402 -20.000000
-124.165668 43.228781 -20.000000
-124.152871 43.116170 -20.000000
-124.128593 42.959959 -20.000000
-124.104409 42.803756 -20.000000
-124.080319 42.647537 -20.000000
-124.056321 42.491315 -20.000000
-124.034850 42.361452 -20.000000
-124.013465 42.231574 -20.000000
-123.992130 42.101694 -20.000000
-123.970863 41.971823 -20.000000
-123.952222 41.883967 -20.000000
-123.933623 41.796109 -20.000000
-123.915065 41.708249 -20.000000
-123.896549 41.620388 -20.000000
-123.877700 41.570606 -20.000000
-123.858877 41.520821 -20.000000
-123.840080 41.471035 -20.000000
-123.821308 41.421246 -20.000000
-123.795318 41.378665 -20.000000
-123.769359 41.336079 -20.000000
-123.743433 41.293489 -20.000000
-123.717538 41.250882 -20.000000
-123.697325 41.211938 -20.000000
-123.677133 41.172979 -20.000000
-123.656981 41.134030 -20.000000
-123.636834 41.095078 -20.000000
-123.629444 41.067641 -20.000000
-123.622075 41.040204 -20.000000
-123.614695 41.012779 -20.000000
-123.607320 40.985341 -20.000000
-123.609597 40.949370 -20.000000
-123.611869 40.913386 -20.000000
-123.614121 40.877415 -20.000000
-123.616386 40.841443 -20.000000
-123.631301 40.814618 -20.000000
-123.646186 40.787779 -20.000000
-123.661075 40.760937 -20.000000
-123.675951 40.734105 -20.000000
-123.705747 40.707650 -20.000000
-123.735519 40.681186 -20.000000
-123.765266 40.654714 -20.000000
-123.794991 40.628232 -20.000000
-123.833169 40.610378 -20.000000
-123.871328 40.592510 -20.000000
-123.909467 40.574629 -20.000000
-123.947586 40.556733 -20.000000
-123.980491 40.538887 -20.000000
-124.013378 40.521031 -20.000000
-124.046247 40.503164 -20.000000
-124.079100 40.485287 -20.000000
-124.121099 40.459343 -20.000000
-124.163067 40.433382 -20.000000
-124.205002 40.407404 -20.000000
-124.246905 40.381409 -20.000000
-124.279789 40.357465 -20.000000
-124.312649 40.333511 -20.000000
-124.345486 40.309546 -20.000000
-124.378300 40.285559 -20.000000
-124.400224 40.264239 -20.000000
-124.422135 40.242903 -20.000000
-124.444032 40.221561 -20.000000
-124.465914 40.200215 -20.000000
-126.533389 50.694272 -40.000000
-126.395011 50.537541 -40.000000
-126.257539 50.380651 -40.000000
-126.120963 50.223605 -40.000000
-125.985272 50.066405 -40.000000
-125.930539 50.008893 -40.000000
-125.875935 49.951356 -40.000000
-125.821459 49.893795 -40.000000
-125.767112 49.836210 -40.000000
-125.723697 49.799804 -40.000000
-125.680348 49.763381 -40.000000
-125.637063 49.726944 -40.000000
-125.593842 49.690491 -40.000000
-125.546423 49.658601 -40.000000
-125.499046 49.626687 -40.000000
-125.451732 49.594755 -40.000000
-125.404498 49.562809 -40.000000
-125.344055 49.524454 -40.000000
-125.283727 49.486075 -40.000000
-125.223493 49.447665 -40.000000
-125.163334 49.409220 -40.000000
-125.087789 49.367284 -40.000000
-125.012373 49.325294 -40.000000
-124.937086 49.283258 -40.000000
-124.861928 49.241181 -40.000000
-124.757336 49.193876 -40.000000
-124.652947 49.146480 -40.000000
-124.548759 49.098994 -40.000000
-124.444773 49.051418 -40.000000
-124.349285 49.017931 -40.000000
-124.253929 48.984361 -40.000000
-124.158704 48.950715 -40.000000
-124.063610 48.917000 -40.000000
-123.956058 48.867701 -40.000000
-123.848720 48.818306 -40.000000
-123.741597 48.768818 -40.000000
-123.634688 48.719235 -40.000000
-123.583047 48.682123 -40.000000
-123.531483 48.644991 -40.000000
-123.479994 48.607837 -40.000000
-123.428580 48.570663 -40.000000
-123.379611 48.519998 -40.000000
-123.330738 48.469315 -40.000000
-123.281960 48.418614 -40.000000
-123.233278 48.367895 -40.000000
-123.199733 48.316120 -40.000000
-123.166253 48.264330 -40.000000
-123.132819 48.212533 -40.000000
-123.099468 48.160735 -40.000000
-123.064678 48.089642 -40.000000
-123.029996 48.018548 -40.000000
-122.995385 47.947446 -40.000000
-122.960862 47.876331 -40.000000
-122.945972 47.812132 -40.000000
-122.931113 47.747931 -40.000000
-122.916285 47.683730 -40.000000
-122.901487 47.619527 -40.000000
-122.901802 47.573055 -40.000000
-122.902112 47.526589 -40.000000
-122.902419 47.480122 -40.000000
-122.902722 47.433650 -40.000000
-122.914234 47.328888 -40.000000
-122.925683 47.224117 -40.000000
-122.937070 47.119341 -40.000000
-122.948378 47.014568 -40.000000
-122.958715 46.958322 -40.000000
-122.969008 46.902073 -40.000000
-122.979275 46.845823 -40.000000
-122.989515 46.789570 -40.000000
-122.995429 46.748385 -40.000000
-123.001332 46.707199 -40.000000
-123.007222 46.666013 -40.000000
-123.013102 46.624825 -40.000000
-123.020770 46.568822 -40.000000
-123.028419 46.512824 -40.000000
-123.036046 46.456824 -40.000000
-123.043654 46.400816 -40.000000
-123.061955 46.285184 -40.000000
-123.080142 46.169545 -40.000000
-123.098232 46.053898 -40.000000
-123.116245 45.938243 -40.000000
-123.144156 45.777921 -40.000000
-123.171887 45.617576 -40.000000
-123.199423 45.457215 -40.000000
-123.226748 45.296845 -40.000000
-123.243206 45.176362 -40.000000
-123.259574 45.055873 -40.000000
-123.275852 44.935376 -40.000000
-123.292041 44.814873 -40.000000
-123.297954 44.730067 -40.000000
-123.303840 44.645260 -40.000000
-123.309698 44.560450 -40.000000
-123.315530 44.475639 -40.000000
-123.317751 44.439148 -40.000000
-123.319967 44.402670 -40.000000
-123.322179 44.366191 -40.000000
-123.324386 44.329699 -40.000000
-123.325161 44.246471 -40.000000
-123.325924 44.163255 -40.000000
-123.326676 44.080039 -40.000000
-123.327416 43.996808 -40.000000
-123.320378 43.923116 -40.000000
-123.313350 43.849423 -40.000000
-123.306331 43.775729 -40.000000
-123.299322 43.702036 -40.000000
-123.287643 43.576042 -40.000000
-123.275989 43.450047 -40.000000
-123.264362 43.324051 -40.000000
-123.252760 43.198055 -40.000000
-123.245611 43.089482 -40.000000
-123.238471 42.980908 -40.000000
-123.231339 42.872334 -40.000000
-123.224215 42.763759 -40.000000
-123.223248 42.609185 -40.000000
-123.222251 42.454608 -40.000000
-123.221224 42.300028 -40.000000
-123.220168 42.145446 -40.000000
-123.220594 42.054277 -40.000000
-123.221007 41.963107 -40.000000
-123.221407 41.871936 -40.000000
-123.221794 41.780764 -40.000000
-123.213941 41.731743 -40.000000
-123.206097 41.682735 -40.000000
-123.198277 41.633727 -40.000000
-123.190450 41.584706 -40.000000
-123.176446 41.532341 -40.000000
-123.162443 41.479964 -40.000000
-123.148476 41.427585 -40.000000
-123.134528 41.375218 -40.000000
-123.112076 41.317705 -40.000000
-123.089659 41.260189 -40.000000
-123.067277 41.202671 -40.000000
-123.044946 41.145162 -40.000000
-123.019378 41.069132 -40.000000
-122.993877 40.993099 -40.000000
-122.968426 40.917063 -40.000000
-122.943026 40.841024 -40.000000
-122.928878 40.784001 -40.000000
-122.914749 40.726979 -40.000000
-122.900640 40.669955 -40.000000
-122.886550 40.612931 -40.000000
-122.880451 40.561138 -40.000000
-122.874358 40.509358 -40.000000
-122.868270 40.457578 -40.000000
-122.862188 40.405797 -40.000000
-122.864109 40.367745 -40.000000
-122.866026 40.329692 -40.000000
-122.867939 40.291639 -40.000000
-122.869847 40.253586 -40.000000
-122.888266 40.211524 -40.000000
-122.906660 40.169456 -40.000000
-122.925028 40.127385 -40.000000
-122.943372 40.085308 -40.000000
-122.966910 40.054320 -40.000000
-122.990427 40.023325 -40.000000
-123.013921 39.992324 -40.000000
-123.037409 39.961316 -40.000000
-123.091870 39.905020 -40.000000
-123.146224 39.848691 -40.000000
-123.200503 39.792332 -40.000000
-123.254691 39.735929 -40.000000
-125.801218 51.034946 -60.000000
-125.642836 50.844015 -60.000000
-125.485743 50.652883 -60.000000
-125.329901 50.461558 -60.000000
-125.175273 50.270035 -60.000000
-125.131483 50.222768 -60.000000
-125.087759 50.175480 -60.000000
-125.044120 50.128183 -60.000000
-125.000586 50.080870 -60.000000
-124.941238 50.034106 -60.000000
-124.882005 49.987314 -60.000000
-124.822886 49.940493 -60.000000
-124.763900 49.893643 -60.000000
-124.709003 49.859380 -60.000000
-124.654202 49.825093 -60.000000
-124.599479 49.790781 -60.000000
-124.544833 49.756445 -60.000000
-124.470766 49.724410 -60.000000
-124.396797 49.692324 -60.000000
-124.322927 49.660192 -60.000000
-124.249175 49.628022 -60.000000
-124.178081 49.605795 -60.000000
-124.107072 49.583531 -60.000000
-124.036130 49.561226 -60.000000
-123.965254 49.538872 -60.000000
-123.914021 49.527234 -60.000000
-123.862813 49.515574 -60.000000
-123.811631 49.503891 -60.000000
-123.760475 49.492187 -60.000000
-123.715739 49.476901 -60.000000
-123.671050 49.461592 -60.000000
-123.626391 49.446267 -60.000000
-123.581741 49.430931 -60.000000
-123.541288 49.414732 -60.000000
-123.500844 49.398525 -60.000000
-123.460428 49.382304 -60.000000
-123.420057 49.366064 -60.000000
-123.350986 49.326466 -60.000000
-123.282027 49.286829 -60.000000
-123.213179 49.247155 -60.000000
-123.144443 49.207443 -60.000000
-123.045520 49.125124 -60.000000
-122.946923 49.042731 -60.000000
-122.848647 48.960263 -60.000000
-122.750693 48.877721 -60.000000
-122.666951 48.800175 -60.000000
-122.583463 48.722576 -60.000000
-122.500227 48.644925 -60.000000
-122.417244 48.567222 -60.000000
-122.377471 48.526525 -60.000000
-122.337761 48.485817 -60.000000
-122.298113 48.445096 -60.000000
-122.258527 48.404365 -60.000000
-122.224972 48.362095 -60.000000
-122.191470 48.319817 -60.000000
-122.158022 48.277531 -60.000000
-122.124627 48.235238 -60.000000
-122.100977 48.183290 -60.000000
-122.077370 48.131334 -60.000000
-122.053807 48.079374 -60.000000
-122.030306 48.027417 -60.000000
-122.021995 47.980868 -60.000000
-122.013713 47.934326 -60.000000
-122.005442 47.887783 -60.000000
-121.997183 47.841234 -60.000000
-121.995050 47.801110 -60.000000
-121.992899 47.760992 -60.000000
-121.990749 47.720874 -60.000000
-121.988618 47.680750 -60.000000
-121.985285 47.662840 -60.000000
-121.976750 47.617035 -60.000000
-121.965258 47.555267 -60.000000
-121.953047 47.489432 -60.000000
-121.950089 47.441581 -60.000000
-121.953910 47.391993 -60.000000
-121.959696 47.353107 -60.000000
-121.962696 47.337382 -60.000000
-121.975055 47.307176 -60.000000
-121.987399 47.276962 -60.000000
-121.999727 47.246746 -60.000000
-122.012040 47.216533 -60.000000
-122.040940 47.170397 -60.000000
-122.069786 47.124258 -60.000000
-122.098579 47.078109 -60.000000
-122.127337 47.031944 -60.000000
-122.135302 47.007308 -60.000000
-122.152821 46.953099 -60.000000
-122.170282 46.898886 -60.000000
-122.178202 46.874239 -60.000000
-122.181913 46.840170 -60.000000
-122.185635 46.806095 -60.000000
-122.189351 46.772026 -60.000000
-122.193042 46.737956 -60.000000
-122.188066 46.528624 -60.000000
-122.183051 46.319284 -60.000000
-122.178015 46.109942 -60.000000
-122.172923 45.900603 -60.000000
-122.177099 45.833067 -60.000000
-122.181238 45.765530 -60.000000
-122.185377 45.697993 -60.000000
-122.189499 45.630454 -60.000000
-122.202981 45.538705 -60.000000
-122.216422 45.446952 -60.000000
-122.229805 45.355195 -60.000000
-122.243112 45.263433 -60.000000
-122.262795 45.166694 -60.000000
-122.282378 45.069947 -60.000000
-122.301879 44.973199 -60.000000
-122.321315 44.876444 -60.000000
-122.339791 44.790776 -60.000000
-122.358201 44.705101 -60.000000
-122.376543 44.619421 -60.000000
-122.394819 44.533721 -60.000000
-122.407474 44.449299 -60.000000
-122.420098 44.364886 -60.000000
-122.432673 44.280456 -60.000000
-122.445183 44.196022 -60.000000
-122.448824 44.115234 -60.000000
-122.452461 44.034444 -60.000000
-122.456077 43.953654 -60.000000
-122.459655 43.872862 -60.000000
-122.458482 43.730277 -60.000000
-122.457298 43.587690 -60.000000
-122.456086 43.445102 -60.000000
-122.454828 43.302512 -60.000000
-122.456879 43.185282 -60.000000
-122.458883 43.068049 -60.000000
-122.460857 42.950815 -60.000000
-122.462816 42.833579 -60.000000
-122.476541 42.695781 -60.000000
-122.490173 42.557976 -60.000000
-122.503713 42.420164 -60.000000
-122.517163 42.282346 -60.000000
-122.522879 42.192040 -60.000000
-122.528564 42.101733 -60.000000
-122.534220 42.011424 -60.000000
-122.539847 41.921113 -60.000000
-122.544329 41.848228 -60.000000
-122.548792 41.775343 -60.000000
-122.553237 41.702456 -60.000000
-122.557662 41.629568 -60.000000
-122.556412 41.571998 -60.000000
-122.555159 41.514440 -60.000000
-122.553903 41.456882 -60.000000
-122.552644 41.399312 -60.000000
-122.551006 41.347535 -60.000000
-122.549368 41.295745 -60.000000
-122.547727 41.243956 -60.000000
-122.546084 41.192178 -60.000000
-122.539576 41.134082 -60.000000
-122.533074 41.075985 -60.000000
-122.526577 41.017888 -60.000000
-122.520087 40.959779 -60.000000
-122.506325 40.881581 -60.000000
-122.492601 40.803395 -60.000000
-122.478900 40.725197 -60.000000
-122.465205 40.646998 -60.000000
-122.450953 40.560257 -60.000000
-122.436725 40.473515 -60.000000
-122.422522 40.386773 -60.000000
-122.408343 40.300031 -60.000000
-122.408005 40.268684 -60.000000
-122.407650 40.237338 -60.000000
-122.407294 40.205991 -60.000000
-122.406952 40.174644 -60.000000
-122.415305 40.133453 -60.000000
-122.423645 40.092261 -60.000000
-122.431972 40.051067 -60.000000
-122.440286 40.009872 -60.000000
-122.455108 39.974747 -60.000000
-122.469896 39.939631 -60.000000
-122.484668 39.904512 -60.000000
-122.499438 39.869378 -60.000000
-122.554560 39.785647 -60.000000
-122.609554 39.701867 -60.000000
-122.664407 39.618052 -60.000000
-122.719102 39.534214 -60.000000
-125.218189 51.311491 -80.000000
-125.079949 51.150922 -80.000000
-124.942652 50.990203 -80.000000
-124.806283 50.829336 -80.000000
-124.670833 50.668323 -80.000000
-124.606779 50.596846 -80.000000
-124.542916 50.525336 -80.000000
-124.479242 50.453794 -80.000000
-124.415756 50.382221 -80.000000
-124.367926 50.342987 -80.000000
-124.320175 50.303735 -80.000000
-124.272501 50.264465 -80.000000
-124.224905 50.225177 -80.000000
-124.183788 50.200886 -80.000000
-124.142713 50.176582 -80.000000
-124.101680 50.152263 -80.000000
-124.060689 50.127931 -80.000000
-123.983840 50.096759 -80.000000
-123.907112 50.065531 -80.000000
-123.830486 50.034256 -80.000000
-123.753942 50.002938 -80.000000
-123.722053 49.992356 -80.000000
-123.690177 49.981761 -80.000000
-123.658317 49.971156 -80.000000
-123.626471 49.960550 -80.000000
-123.534756 49.928998 -80.000000
-123.443165 49.897376 -80.000000
-123.351716 49.865686 -80.000000
-123.260373 49.833926 -80.000000
-123.191977 49.800018 -80.000000
-123.123698 49.766073 -80.000000
-123.055515 49.732090 -80.000000
-122.987430 49.698070 -80.000000
-122.922846 49.647142 -80.000000
-122.858414 49.596182 -80.000000
-122.794117 49.545190 -80.000000
-122.729933 49.494167 -80.000000
-122.637325 49.407041 -80.000000
-122.545040 49.319845 -80.000000
-122.453057 49.232586 -80.000000
-122.361410 49.145271 -80.000000
-122.269986 49.062111 -80.000000
-122.178844 48.978890 -80.000000
-122.088019 48.895607 -80.000000
-121.997491 48.812264 -80.000000
-121.918626 48.749050 -80.000000
-121.839975 48.685795 -80.000000
-121.761520 48.622495 -80.000000
-121.683241 48.559142 -80.000000
-121.653427 48.523892 -80.000000
-121.623653 48.488635 -80.000000
-121.593919 48.453373 -80.000000
-121.564225 48.418104 -80.000000
-121.568265 47.151952 -80.000000
-121.571468 47.123494 -80.000000
-121.574648 47.095036 -80.000000
-121.577823 47.066577 -80.000000
-121.581011 47.038118 -80.000000
-121.576500 47.009574 -80.000000
-121.571993 46.981031 -80.000000
-121.567488 46.952487 -80.000000
-121.562969 46.923943 -80.000000
-121.562411 44.315233 -80.000000
-121.581710 44.137364 -80.000000
-121.600814 43.959483 -80.000000
-121.619744 43.781589 -80.000000
-121.638500 43.603683 -80.000000
-121.659876 43.360896 -80.000000
-121.680969 43.118091 -80.000000
-121.701783 42.875267 -80.000000
-121.722322 42.632425 -80.000000
-121.744136 42.403557 -80.000000
-121.765693 42.174684 -80.000000
-121.786979 41.945793 -80.000000
-121.808031 41.716872 -80.000000
-121.814026 41.617426 -80.000000
-121.820000 41.517966 -80.000000
-121.825921 41.418503 -80.000000
-121.831806 41.319051 -80.000000
-121.832174 41.158833 -80.000000
-121.832476 40.998625 -80.000000
-121.832729 40.838416 -80.000000
-121.832949 40.678192 -80.000000
-121.832724 40.579481 -80.000000
-121.832499 40.480757 -80.000000
-121.832256 40.382032 -80.000000
-121.831979 40.283319 -80.000000
-121.839699 40.230300 -80.000000
-121.847402 40.177280 -80.000000
-121.855087 40.124245 -80.000000
-121.862756 40.071222 -80.000000
-121.878913 40.010351 -80.000000
-121.895034 39.949488 -80.000000
-121.911120 39.888608 -80.000000
-121.927171 39.827723 -80.000000
-121.956476 39.760550 -80.000000
-121.985717 39.693365 -80.000000
-122.014893 39.626168 -80.000000
-122.044006 39.558959 -80.000000
-122.077098 39.498881 -80.000000
-122.110127 39.438789 -80.000000
-122.143094 39.378684 -80.000000
-122.175999 39.318564 -80.000000
-124.594313 51.586347 -100.000000
-124.489899 51.478436 -100.000000
-124.385950 51.370434 -100.000000
-124.282502 51.262348 -100.000000
-124.179530 51.154185 -100.000000
-124.091640 51.075453 -100.000000
-124.004065 50.996661 -100.000000
-123.916782 50.917809 -100.000000
-123.829772 50.838898 -100.000000
-123.791309 50.813264 -100.000000
-123.706819 50.756810 -100.000000
-123.622532 50.700300 -100.000000
-123.584295 50.674591 -100.000000
-123.541437 50.652859 -100.000000
-123.447311 50.604988 -100.000000
-123.353377 50.557046 -100.000000
-123.310735 50.535222 -100.000000
-123.188143 50.473226 -100.000000
-123.065856 50.411110 -100.000000
-122.943893 50.348873 -100.000000
-122.822273 50.286518 -100.000000
-122.753722 50.244171 -100.000000
-122.685293 50.201788 -100.000000
-122.616985 50.159368 -100.000000
-122.548800 50.116911 -100.000000
-122.484672 50.061795 -100.000000
-122.420709 50.006648 -100.000000
-122.356891 49.951470 -100.000000
-122.293197 49.896262 -100.000000
-122.201250 49.802709 -100.000000
-122.109630 49.709096 -100.000000
-122.018353 49.615422 -100.000000
-121.927437 49.521689 -100.000000
-121.767695 49.352235 -100.000000
-121.609037 49.182603 -100.000000
-127.267387 49.269470 -10.000000
-127.188834 49.199775 -10.000000
-127.110493 49.130034 -10.000000
-127.032380 49.060240 -10.000000
-126.954485 48.990387 -10.000000
-126.791378 48.857789 -10.000000
-126.629129 48.724966 -10.000000
-126.467722 48.591920 -10.000000
-126.307167 48.458655 -10.000000
-126.208958 48.367512 -10.000000
-126.111087 48.276288 -10.000000
-126.013562 48.184985 -10.000000
-125.916381 48.093602 -10.000000
-125.857440 48.027483 -10.000000
-125.798647 47.961335 -10.000000
-125.740002 47.895159 -10.000000
-125.681505 47.828955 -10.000000
-125.645687 47.775218 -10.000000
-125.609941 47.721471 -10.000000
-125.574249 47.667713 -10.000000
-125.538646 47.613945 -10.000000
-125.509713 47.559503 -10.000000
-125.480856 47.505054 -10.000000
-125.452039 47.450599 -10.000000
-125.423279 47.396137 -10.000000
-125.391474 47.316126 -10.000000
-125.359779 47.236106 -10.000000
-125.328175 47.156084 -10.000000
-125.296643 47.076049 -10.000000
-125.273990 46.987280 -10.000000
-125.251387 46.898501 -10.000000
-125.228853 46.809724 -10.000000
-125.206404 46.720942 -10.000000
-125.195115 46.657667 -10.000000
-125.183867 46.594383 -10.000000
-125.172641 46.531099 -10.000000
-125.161421 46.467820 -10.000000
-125.152523 46.380671 -10.000000
-125.133057 46.188937 -10.000000
-125.113694 45.997203 -10.000000
-125.104912 45.910054 -10.000000
-125.089856 45.743854 -10.000000
-125.074848 45.577651 -10.000000
-125.059904 45.411444 -10.000000
-125.045040 45.245233 -10.000000
-125.029828 45.039830 -10.000000
-125.014669 44.834434 -10.000000
-124.999579 44.629020 -10.000000
-124.984575 44.423600 -10.000000
-124.973246 44.292243 -10.000000
-124.961951 44.160883 -10.000000
-124.950691 44.029533 -10.000000
-124.939465 43.898168 -10.000000
-124.933608 43.824795 -10.000000
-124.927761 43.751433 -10.000000
-124.921906 43.678071 -10.000000
-124.916077 43.604695 -10.000000
-124.905440 43.536091 -10.000000
-124.894840 43.467499 -10.000000
-124.884243 43.398893 -10.000000
-124.873665 43.330287 -10.000000
-124.860110 43.273352 -10.000000
-124.846576 43.216403 -10.000000
-124.833065 43.159453 -10.000000
-124.819592 43.102514 -10.000000
-124.796604 43.018440 -10.000000
-124.773690 42.934363 -10.000000
-124.750830 42.850282 -10.000000
-124.728027 42.766198 -10.000000
-124.686330 42.630275 -10.000000
-124.644814 42.494340 -10.000000
-124.603460 42.358393 -10.000000
-124.562249 42.222436 -10.000000
-124.529370 42.093261 -10.000000
-124.496591 41.964067 -10.000000
-124.463928 41.834866 -10.000000
-124.431395 41.705671 -10.000000
-124.428632 41.681110 -10.000000
-124.425870 41.656549 -10.000000
-124.423110 41.631987 -10.000000
-124.420352 41.607426 -10.000000
-124.422812 41.580406 -10.000000
-124.425269 41.553385 -10.000000
-124.427723 41.526365 -10.000000
-124.430174 41.499344 -10.000000
-124.442677 41.453916 -10.000000
-124.455161 41.408485 -10.000000
-124.467625 41.363052 -10.000000
-124.480069 41.317617 -10.000000
-124.496306 41.283492 -10.000000
-124.512525 41.249364 -10.000000
-124.528742 41.215244 -10.000000
-124.544925 41.181110 -10.000000
-124.563427 41.142704 -10.000000
-124.581890 41.104294 -10.000000
-124.600346 41.065880 -10.000000
-124.618779 41.027462 -10.000000
-124.626116 40.992407 -10.000000
-124.633445 40.957351 -10.000000
-124.640764 40.922294 -10.000000
-124.648074 40.887236 -10.000000
-124.650879 40.841676 -10.000000
-124.653677 40.796102 -10.000000
-124.656469 40.750528 -10.000000
-124.659255 40.704966 -10.000000
-124.670366 40.659254 -10.000000
-124.681460 40.613528 -10.000000
-124.692537 40.567813 -10.000000
-124.703596 40.522095 -10.000000
-124.731120 40.471840 -10.000000
-124.758601 40.421564 -10.000000
-124.786038 40.371280 -10.000000
-124.813433 40.320999 -10.000000
-127.053389 50.437991 -30.000000
-127.007382 50.387803 -30.000000
-126.961472 50.337597 -30.000000
-126.915658 50.287374 -30.000000
-126.869940 50.237133 -30.000000
-126.805884 50.172701 -30.000000
-126.741998 50.108228 -30.000000
-126.678283 50.043720 -30.000000
-126.614748 49.979184 -30.000000
-126.541771 49.914131 -30.000000
-126.469000 49.849039 -30.000000
-126.396423 49.783903 -30.000000
-126.324040 49.718716 -30.000000
-126.245453 49.657723 -30.000000
-126.167063 49.596685 -30.000000
-126.088848 49.535596 -30.000000
-126.010847 49.474450 -30.000000
-125.929376 49.420996 -30.000000
-125.848100 49.367480 -30.000000
-125.766982 49.313909 -30.000000
-125.686040 49.260290 -30.000000
-125.603977 49.213527 -30.000000
-125.522071 49.166709 -30.000000
-125.440319 49.119834 -30.000000
-125.358741 49.072903 -30.000000
-125.249844 49.001774 -30.000000
-125.141277 48.930547 -30.000000
-125.033019 48.859223 -30.000000
-124.925068 48.787803 -30.000000
-124.833650 48.724545 -30.000000
-124.742442 48.661224 -30.000000
-124.651463 48.597836 -30.000000
-124.560729 48.534374 -30.000000
-124.511685 48.495516 -30.000000
-124.462734 48.456632 -30.000000
-124.413858 48.417729 -30.000000
-124.365037 48.378813 -30.000000
-124.334925 48.346889 -30.000000
-124.268774 48.276630 -30.000000
-124.202802 48.206332 -30.000000
-124.172888 48.174364 -30.000000
-124.139843 48.134182 -30.000000
-124.106867 48.093992 -30.000000
-124.073940 48.053794 -30.000000
-124.041046 48.013588 -30.000000
-124.003214 47.952810 -30.000000
-123.965468 47.892021 -30.000000
-123.927788 47.831222 -30.000000
-123.890210 47.770412 -30.000000
-123.870081 47.723754 -30.000000
-123.850004 47.677093 -30.000000
-123.829942 47.630429 -30.000000
-123.809913 47.583762 -30.000000
-123.792185 47.523132 -30.000000
-123.774494 47.462499 -30.000000
-123.756839 47.401865 -30.000000
-123.739220 47.341235 -30.000000
-123.725237 47.264909 -30.000000
-123.711286 47.188576 -30.000000
-123.697387 47.112248 -30.000000
-123.683501 47.035919 -30.000000
-123.678422 46.943974 -30.000000
-123.673349 46.852027 -30.000000
-123.668282 46.760080 -30.000000
-123.663221 46.668132 -30.000000
-123.664593 46.606329 -30.000000
-123.665975 46.544525 -30.000000
-123.667349 46.482721 -30.000000
-123.668714 46.420917 -30.000000
-123.692350 46.198021 -30.000000
-123.715730 45.975107 -30.000000
-123.738876 45.752170 -30.000000
-123.761758 45.529221 -30.000000
-123.764975 45.472972 -30.000000
-123.768164 45.416728 -30.000000
-123.771360 45.360476 -30.000000
-123.774546 45.304225 -30.000000
-123.778759 45.192414 -30.000000
-123.782940 45.080600 -30.000000
-123.787088 44.968784 -30.000000
-123.791205 44.856966 -30.000000
-123.787497 44.744407 -30.000000
-123.783787 44.631846 -30.000000
-123.780075 44.519284 -30.000000
-123.776362 44.406720 -30.000000
-123.769528 44.308450 -30.000000
-123.762704 44.210178 -30.000000
-123.755890 44.111906 -30.000000
-123.749087 44.013634 -30.000000
-123.729258 43.840918 -30.000000
-123.709506 43.668199 -30.000000
-123.689828 43.495478 -30.000000
-123.670224 43.322755 -30.000000
-123.656636 43.192014 -30.000000
-123.643084 43.061272 -30.000000
-123.629567 42.930529 -30.000000
-123.616085 42.799784 -30.000000
-123.608504 42.679319 -30.000000
-123.600916 42.558852 -30.000000
-123.593338 42.438373 -30.000000
-123.585787 42.317905 -30.000000
-123.578727 42.207989 -30.000000
-123.571676 42.098085 -30.000000
-123.564616 41.988168 -30.000000
-123.557580 41.878250 -30.000000
-123.542266 41.817594 -30.000000
-123.526959 41.756937 -30.000000
-123.511676 41.696280 -30.000000
-123.496417 41.635621 -30.000000
-123.473699 41.582347 -30.000000
-123.451015 41.529069 -30.000000
-123.428364 41.475789 -30.000000
-123.405748 41.422506 -30.000000
-123.375333 41.366913 -30.000000
-123.344983 41.311315 -30.000000
-123.314682 41.255710 -30.000000
-123.284411 41.200101 -30.000000
-123.262965 41.147884 -30.000000
-123.241550 41.095664 -30.000000
-123.220165 41.043443 -30.000000
-123.198810 40.991218 -30.000000
-123.184379 40.929259 -30.000000
-123.169970 40.867299 -30.000000
-123.155598 40.805326 -30.000000
-123.141232 40.743365 -30.000000
-123.137054 40.696793 -30.000000
-123.132862 40.650233 -30.000000
-123.128690 40.603660 -30.000000
-123.124520 40.557088 -30.000000
-123.130777 40.511954 -30.000000
-123.137023 40.466819 -30.000000
-123.143274 40.421695 -30.000000
-123.149498 40.376557 -30.000000
-123.166146 40.348636 -30.000000
-123.182795 40.320724 -30.000000
-123.199430 40.292808 -30.000000
-123.216034 40.264877 -30.000000
-123.244046 40.238536 -30.000000
-123.272051 40.212199 -30.000000
-123.300019 40.185842 -30.000000
-123.327964 40.159476 -30.000000
-123.362906 40.144169 -30.000000
-123.397832 40.128850 -30.000000
-123.432744 40.113520 -30.000000
-123.467640 40.098178 -30.000000
-123.499546 40.091574 -30.000000
-123.531447 40.084961 -30.000000
-123.563342 40.078338 -30.000000
-123.595231 40.071707 -30.000000
-123.638476 40.067823 -30.000000
-123.681718 40.063922 -30.000000
-123.724956 40.059992 -30.000000
-123.768207 40.056058 -30.000000
-123.807429 40.055945 -30.000000
-123.846669 40.055831 -30.000000
-123.885910 40.055691 -30.000000
-123.925151 40.055538 -30.000000
-123.951845 40.048867 -30.000000
-123.978535 40.042190 -30.000000
-124.005219 40.035507 -30.000000
-124.031899 40.028817 -30.000000
-126.112227 50.900255 -50.000000
-126.046570 50.809974 -50.000000
-125.981161 50.719657 -50.000000
-125.916000 50.629305 -50.000000
-125.851064 50.538919 -50.000000
-125.763919 50.434399 -50.000000
-125.677171 50.329816 -50.000000
-125.590797 50.225172 -50.000000
-125.504796 50.120468 -50.000000
-125.450753 50.066701 -50.000000
-125.396830 50.012911 -50.000000
-125.343026 49.959096 -50.000000
-125.289341 49.905259 -50.000000
-125.238671 49.863247 -50.000000
-125.188089 49.821215 -50.000000
-125.137594 49.779163 -50.000000
-125.087186 49.737089 -50.000000
-125.010229 49.689566 -50.000000
-124.933404 49.642001 -50.000000
-124.856728 49.594388 -50.000000
-124.780221 49.546726 -50.000000
-124.684916 49.503444 -50.000000
-124.589781 49.460087 -50.000000
-124.494797 49.416655 -50.000000
-124.400002 49.373148 -50.000000
-124.308834 49.342221 -50.000000
-124.217803 49.311225 -50.000000
-124.126870 49.280160 -50.000000
-124.036055 49.249025 -50.000000
-123.962795 49.227490 -50.000000
-123.889621 49.205909 -50.000000
-123.816512 49.184283 -50.000000
-123.743451 49.162620 -50.000000
-123.684130 49.138242 -50.000000
-123.624868 49.113835 -50.000000
-123.565666 49.089399 -50.000000
-123.506523 49.064935 -50.000000
-123.463616 49.036948 -50.000000
-123.420738 49.008947 -50.000000
-123.377908 48.980931 -50.000000
-123.335145 48.952900 -50.000000
-123.297797 48.926014 -50.000000
-123.260490 48.899124 -50.000000
-123.223223 48.872222 -50.000000
-123.185995 48.845310 -50.000000
-123.118166 48.789057 -50.000000
-123.050487 48.732770 -50.000000
-122.982977 48.676453 -50.000000
-122.915597 48.620095 -50.000000
-122.842528 48.538880 -50.000000
-122.769706 48.457620 -50.000000
-122.697092 48.376321 -50.000000
-122.624703 48.294984 -50.000000
-122.595230 48.250265 -50.000000
-122.565789 48.205540 -50.000000
-122.536395 48.160809 -50.000000
-122.507069 48.116073 -50.000000
-122.483154 48.065850 -50.000000
-122.459301 48.015624 -50.000000
-122.435489 47.965394 -50.000000
-122.411702 47.915167 -50.000000
-122.399552 47.861671 -50.000000
-122.387404 47.808169 -50.000000
-122.375275 47.754667 -50.000000
-122.363186 47.701164 -50.000000
-122.359548 47.608506 -50.000000
-122.355909 47.515849 -50.000000
-122.352268 47.423191 -50.000000
-122.348606 47.330533 -50.000000
-122.352830 47.296492 -50.000000
-122.357029 47.262450 -50.000000
-122.361238 47.228408 -50.000000
-122.365440 47.194360 -50.000000
-122.383122 47.152255 -50.000000
-122.400792 47.110153 -50.000000
-122.418431 47.068047 -50.000000
-122.436021 47.025931 -50.000000
-122.458177 46.985956 -50.000000
-122.480297 46.945969 -50.000000
-122.502382 46.905976 -50.000000
-122.524431 46.865984 -50.000000
-122.532505 46.834352 -50.000000
-122.540585 46.802720 -50.000000
-122.548655 46.771086 -50.000000
-122.556695 46.739452 -50.000000
-122.556196 46.652858 -50.000000
-122.555668 46.566270 -50.000000
-122.555130 46.479682 -50.000000
-122.554599 46.393086 -50.000000
-122.565158 46.263252 -50.000000
-122.575640 46.133414 -50.000000
-122.586044 46.003571 -50.000000
-122.596373 45.873723 -50.000000
-122.610845 45.777681 -50.000000
-122.625252 45.681634 -50.000000
-122.639594 45.585583 -50.000000
-122.653873 45.489526 -50.000000
-122.674108 45.391381 -50.000000
-122.694240 45.293223 -50.000000
-122.714287 45.195056 -50.000000
-122.734267 45.096882 -50.000000
-122.759395 44.991584 -50.000000
-122.784413 44.886274 -50.000000
-122.809323 44.780953 -50.000000
-122.834126 44.675622 -50.000000
-122.847669 44.597204 -50.000000
-122.861166 44.518783 -50.000000
-122.874617 44.440357 -50.000000
-122.888023 44.361928 -50.000000
-122.892508 44.319144 -50.000000
-122.896985 44.276360 -50.000000
-122.901451 44.233576 -50.000000
-122.905909 44.190790 -50.000000
-122.907068 44.139287 -50.000000
-122.908220 44.087783 -50.000000
-122.909366 44.036279 -50.000000
-122.910506 43.984774 -50.000000
-122.901812 43.892855 -50.000000
-122.893131 43.800935 -50.000000
-122.884463 43.709015 -50.000000
-122.875809 43.617095 -50.000000
-122.864326 43.508484 -50.000000
-122.852865 43.399872 -50.000000
-122.841428 43.291261 -50.000000
-122.829996 43.182636 -50.000000
-122.828234 43.083387 -50.000000
-122.826479 42.984137 -50.000000
-122.824697 42.884886 -50.000000
-122.822906 42.785635 -50.000000
-122.831253 42.673616 -50.000000
-122.839534 42.561582 -50.000000
-122.847766 42.449544 -50.000000
-122.855965 42.337515 -50.000000
-122.863795 42.265331 -50.000000
-122.871599 42.193144 -50.000000
-122.879377 42.120956 -50.000000
-122.887113 42.048766 -50.000000
-122.890673 41.958226 -50.000000
-122.894227 41.867698 -50.000000
-122.897742 41.777167 -50.000000
-122.901235 41.686636 -50.000000
-122.898652 41.645413 -50.000000
-122.896087 41.604191 -50.000000
-122.893522 41.562969 -50.000000
-122.890941 41.521746 -50.000000
-122.881016 41.453155 -50.000000
-122.871104 41.384551 -50.000000
-122.861206 41.315946 -50.000000
-122.851322 41.247354 -50.000000
-122.831386 41.168523 -50.000000
-122.811489 41.089678 -50.000000
-122.791631 41.010832 -50.000000
-122.771810 40.931997 -50.000000
-122.749191 40.831840 -50.000000
-122.726625 40.731681 -50.000000
-122.704110 40.631522 -50.000000
-122.681648 40.531373 -50.000000
-122.671837 40.480003 -50.000000
-122.662037 40.428621 -50.000000
-122.652248 40.377238 -50.000000
-122.642485 40.325868 -50.000000
-122.643833 40.293090 -50.000000
-122.645161 40.260324 -50.000000
-122.646486 40.227558 -50.000000
-122.647808 40.194780 -50.000000
-122.657580 40.162093 -50.000000
-122.667356 40.129392 -50.000000
-122.677121 40.096702 -50.000000
-122.686860 40.064010 -50.000000
-122.705509 40.025076 -50.000000
-122.724134 39.986137 -50.000000
-122.742737 39.947193 -50.000000
-122.761315 39.908245 -50.000000
-122.785302 39.874234 -50.000000
-122.809264 39.840216 -50.000000
-122.833200 39.806192 -50.000000
-122.857112 39.772174 -50.000000
-122.887274 39.736271 -50.000000
-122.917403 39.700370 -50.000000
-122.947500 39.664459 -50.000000
-122.977564 39.628538 -50.000000
-125.510294 51.167256 -70.000000
-125.414506 51.045964 -70.000000
-125.319208 50.924598 -70.000000
-125.224397 50.803160 -70.000000
-125.130067 50.681651 -70.000000
-125.033117 50.579142 -70.000000
-124.936581 50.476559 -70.000000
-124.840457 50.373902 -70.000000
-124.744741 50.271171 -70.000000
-124.691469 50.219444 -70.000000
-124.638312 50.167693 -70.000000
-124.585268 50.115921 -70.000000
-124.532337 50.064126 -70.000000
-124.491781 50.038755 -70.000000
-124.451288 50.013370 -70.000000
-124.410837 49.987972 -70.000000
-124.370409 49.962561 -70.000000
-124.314015 49.934081 -70.000000
-124.257668 49.905575 -70.000000
-124.201388 49.877042 -70.000000
-124.145194 49.848484 -70.000000
-124.083675 49.828259 -70.000000
-124.022208 49.808002 -70.000000
-123.960795 49.787714 -70.000000
-123.899434 49.767395 -70.000000
-123.829613 49.751830 -70.000000
-123.759840 49.736225 -70.000000
-123.690113 49.720579 -70.000000
-123.620434 49.704891 -70.000000
-123.555669 49.684403 -70.000000
-123.490961 49.663880 -70.000000
-123.426308 49.643323 -70.000000
-123.361713 49.622730 -70.000000
-123.297205 49.587053 -70.000000
-123.232792 49.551343 -70.000000
-123.168474 49.515600 -70.000000
-123.104251 49.479823 -70.000000
-123.010038 49.409867 -70.000000
-122.916092 49.339841 -70.000000
-122.822411 49.269748 -70.000000
-122.728995 49.199587 -70.000000
-122.644328 49.126244 -70.000000
-122.559908 49.052846 -70.000000
-122.475733 48.979396 -70.000000
-122.391803 48.905892 -70.000000
-122.298002 48.819856 -70.000000
-122.204499 48.733756 -70.000000
-122.111309 48.647591 -70.000000
-122.018450 48.561362 -70.000000
-121.995007 48.539345 -70.000000
-121.971584 48.517324 -70.000000
-121.948181 48.495299 -70.000000
-121.924798 48.473270 -70.000000
-121.896896 48.442160 -70.000000
-121.869045 48.411043 -70.000000
-121.841227 48.379922 -70.000000
-121.813424 48.348795 -70.000000
-121.795574 48.310570 -70.000000
-121.777748 48.272344 -70.000000
-121.759946 48.234115 -70.000000
-121.742169 48.195886 -70.000000
-121.732494 48.164096 -70.000000
-121.722830 48.132305 -70.000000
-121.713175 48.100514 -70.000000
-121.703531 48.068723 -70.000000
-121.701690 48.026218 -70.000000
-121.699849 47.983720 -70.000000
-121.698026 47.941221 -70.000000
-121.696184 47.898716 -70.000000
-121.701906 47.852629 -70.000000
-121.707596 47.806535 -70.000000
-121.713290 47.760440 -70.000000
-121.718969 47.714351 -70.000000
-121.720165 47.674001 -70.000000
-121.721356 47.633650 -70.000000
-121.722543 47.593300 -70.000000
-121.723724 47.552949 -70.000000
-121.721923 47.520221 -70.000000
-121.720123 47.487492 -70.000000
-121.718341 47.454763 -70.000000
-121.716541 47.422035 -70.000000
-121.715127 47.404857 -70.000000
-121.713696 47.387678 -70.000000
-121.712284 47.370500 -70.000000
-121.710871 47.353322 -70.000000
-121.717671 47.331318 -70.000000
-121.724464 47.309313 -70.000000
-121.731269 47.287302 -70.000000
-121.738048 47.265295 -70.000000
-121.751302 47.236112 -70.000000
-121.764521 47.206932 -70.000000
-121.777742 47.177744 -70.000000
-121.790948 47.148554 -70.000000
-121.797719 47.112227 -70.000000
-121.804478 47.075899 -70.000000
-121.811225 47.039569 -70.000000
-121.817961 47.003239 -70.000000
-121.816682 46.948346 -70.000000
-121.815418 46.893447 -70.000000
-121.814151 46.838548 -70.000000
-121.812863 46.783654 -70.000000
-121.804487 46.691731 -70.000000
-121.796124 46.599809 -70.000000
-121.787755 46.507886 -70.000000
-121.779417 46.415964 -70.000000
-121.778184 46.284017 -70.000000
-121.776924 46.152075 -70.000000
-121.775637 46.020132 -70.000000
-121.774324 45.888182 -70.000000
-121.781846 45.763730 -70.000000
-121.789306 45.639269 -70.000000
-121.796703 45.514804 -70.000000
-121.804039 45.390342 -70.000000
-121.815397 45.283857 -70.000000
-121.826691 45.177374 -70.000000
-121.837921 45.070887 -70.000000
-121.849089 44.964390 -70.000000
-121.871244 44.843490 -70.000000
-121.893263 44.722580 -70.000000
-121.915179 44.601659 -70.000000
-121.936979 44.480728 -70.000000
-121.951092 44.371596 -70.000000
-121.965132 44.262458 -70.000000
-121.979098 44.153314 -70.000000
-121.992991 44.044165 -70.000000
-122.003348 43.923649 -70.000000
-122.013637 43.803128 -70.000000
-122.023858 43.682603 -70.000000
-122.034012 43.562062 -70.000000
-122.051340 43.363694 -70.000000
-122.068483 43.165326 -70.000000
-122.085462 42.966946 -70.000000
-122.102245 42.768541 -70.000000
-122.121432 42.593355 -70.000000
-122.140474 42.418168 -70.000000
-122.159356 42.242969 -70.000000
-122.178079 42.067746 -70.000000
-122.185383 41.966662 -70.000000
-122.192645 41.865587 -70.000000
-122.199866 41.764497 -70.000000
-122.207047 41.663404 -70.000000
-122.209943 41.565990 -70.000000
-122.212813 41.468575 -70.000000
-122.215657 41.371159 -70.000000
-122.218477 41.273741 -70.000000
-122.215076 41.163624 -70.000000
-122.211665 41.053507 -70.000000
-122.208244 40.943389 -70.000000
-122.204813 40.833270 -70.000000
-122.195655 40.746894 -70.000000
-122.186524 40.660519 -70.000000
-122.177404 40.574144 -70.000000
-122.168278 40.487769 -70.000000
-122.163748 40.442601 -70.000000
-122.159205 40.397434 -70.000000
-122.154664 40.352266 -70.000000
-122.150141 40.307099 -70.000000
-122.152489 40.263541 -70.000000
-122.154831 40.219982 -70.000000
-122.157166 40.176423 -70.000000
-122.159495 40.132864 -70.000000
-122.173582 40.073772 -70.000000
-122.187639 40.014664 -70.000000
-122.201682 39.955553 -70.000000
-122.215679 39.896450 -70.000000
-122.243341 39.839209 -70.000000
-122.270936 39.781970 -70.000000
-122.298497 39.724721 -70.000000
-122.326007 39.667450 -70.000000
-122.358928 39.606486 -70.000000
-122.391787 39.545508 -70.000000
-122.424582 39.484516 -70.000000
-122.457315 39.423511 -70.000000
-124.908686 51.447754 -90.000000
-124.824861 51.353080 -90.000000
-124.741396 51.258356 -90.000000
-124.658268 51.163578 -90.000000
-124.575473 51.068740 -90.000000
-124.525239 51.014515 -90.000000
-124.475121 50.960271 -90.000000
-124.425116 50.906006 -90.000000
-124.375227 50.851723 -90.000000
-124.315370 50.792739 -90.000000
-124.255661 50.733727 -90.000000
-124.196101 50.674688 -90.000000
-124.136687 50.615621 -90.000000
-124.097691 50.584941 -90.000000
-124.058746 50.554248 -90.000000
-124.019851 50.523544 -90.000000
-123.981006 50.492828 -90.000000
-123.917348 50.456658 -90.000000
-123.853789 50.420456 -90.000000
-123.790327 50.384221 -90.000000
-123.726962 50.347953 -90.000000
-123.657544 50.318795 -90.000000
-123.588213 50.289598 -90.000000
-123.518968 50.260361 -90.000000
-123.449810 50.231085 -90.000000
-123.394296 50.211293 -90.000000
-123.338848 50.191475 -90.000000
-123.283447 50.171631 -90.000000
-123.228075 50.151763 -90.000000
-123.172780 50.126300 -90.000000
-123.117525 50.100813 -90.000000
-123.062331 50.075301 -90.000000
-123.007215 50.049764 -90.000000
-122.959444 50.021200 -90.000000
-122.911710 49.992625 -90.000000
-122.864033 49.964031 -90.000000
-122.816432 49.935413 -90.000000
-122.777286 49.907368 -90.000000
-122.738184 49.879304 -90.000000
-122.699147 49.851229 -90.000000
-122.660136 49.823148 -90.000000
-122.605511 49.774239 -90.000000
-122.550994 49.725302 -90.000000
-122.496586 49.676342 -90.000000
-122.442285 49.627366 -90.000000
-122.377546 49.558979 -90.000000
-122.312963 49.490568 -90.000000
-122.248557 49.422127 -90.000000
-122.184325 49.353649 -90.000000
-122.119351 49.289907 -90.000000
-122.054561 49.226140 -90.000000
-121.989933 49.162343 -90.000000
-121.925450 49.098510 -90.000000
-121.850377 49.032126 -90.000000
-121.775501 48.965702 -90.000000
-121.700822 48.899236 -90.000000
-121.626337 48.832730 -90.000000
-121.561762 48.762098 -90.000000
-121.559557 39.983586 -90.000000
-121.571686 39.926688 -90.000000
-121.583788 39.869787 -90.000000
-121.595864 39.812882 -90.000000
-121.607914 39.755975 -90.000000
-121.638586 39.682579 -90.000000
-121.669183 39.609169 -90.000000
-121.699706 39.535746 -90.000000
-121.730155 39.462310 -90.000000
-121.766576 39.396023 -90.000000
-121.802920 39.329719 -90.000000
-121.839188 39.263398 -90.000000
-121.875381 39.197060 -90.000000
-127.299729 49.596630 -15.000000
-127.229070 49.532652 -15.000000
-127.158596 49.468631 -15.000000
-127.088304 49.404562 -15.000000
-127.009499 49.341953 -15.000000
-126.930893 49.279292 -15.000000
-126.852486 49.216578 -15.000000
-126.774277 49.153811 -15.000000
-126.700066 49.103183 -15.000000
-126.626006 49.052508 -15.000000
-126.552097 49.001787 -15.000000
-126.478337 48.951019 -15.000000
-126.421150 48.911687 -15.000000
-126.364052 48.872326 -15.000000
-126.307045 48.832939 -15.000000
-126.250126 48.793524 -15.000000
-126.184867 48.743570 -15.000000
-126.119737 48.693580 -15.000000
-126.054735 48.643554 -15.000000
-125.989861 48.593493 -15.000000
-125.917389 48.532462 -15.000000
-125.845091 48.471388 -15.000000
-125.772965 48.410270 -15.000000
-125.701011 48.349108 -15.000000
-125.631205 48.279136 -15.000000
-125.561589 48.209123 -15.000000
-125.492160 48.139071 -15.000000
-125.422917 48.068980 -15.000000
-125.369175 47.997777 -15.000000
-125.315578 47.926550 -15.000000
-125.262124 47.855301 -15.000000
-125.208814 47.784029 -15.000000
-125.154899 47.692122 -15.000000
-125.101167 47.600191 -15.000000
-125.047617 47.508239 -15.000000
-124.994248 47.416264 -15.000000
-124.964960 47.342149 -15.000000
-124.935750 47.268028 -15.000000
-124.906616 47.193901 -15.000000
-124.877559 47.119767 -15.000000
-124.848911 47.018653 -15.000000
-124.820361 46.917533 -15.000000
-124.791909 46.816407 -15.000000
-124.763555 46.715275 -15.000000
-124.746293 46.610280 -15.000000
-124.729105 46.505288 -15.000000
-124.711973 46.400294 -15.000000
-124.694877 46.295291 -15.000000
-124.687445 46.179322 -15.000000
-124.680013 46.063346 -15.000000
-124.672598 45.947369 -15.000000
-124.665218 45.831396 -15.000000
-124.663196 45.717988 -15.000000
-124.661170 45.604578 -15.000000
-124.659138 45.491166 -15.000000
-124.657102 45.377753 -15.000000
-124.648192 45.219215 -15.000000
-124.639307 45.060675 -15.000000
-124.630445 44.902131 -15.000000
-124.621605 44.743585 -15.000000
-124.608091 44.575582 -15.000000
-124.594626 44.407575 -15.000000
-124.581209 44.239565 -15.000000
-124.567839 44.071552 -15.000000
-124.558751 43.961433 -15.000000
-124.549701 43.851313 -15.000000
-124.540672 43.741191 -15.000000
-124.531646 43.631067 -15.000000
-124.520139 43.544708 -15.000000
-124.508641 43.458347 -15.000000
-124.497167 43.371985 -15.000000
-124.485735 43.285622 -15.000000
-124.471393 43.207532 -15.000000
-124.457098 43.129439 -15.000000
-124.442833 43.051358 -15.000000
-124.428581 42.973263 -15.000000
-124.397692 42.831919 -15.000000
-124.366924 42.690582 -15.000000
-124.336256 42.549226 -15.000000
-124.305722 42.407864 -15.000000
-124.270812 42.257035 -15.000000
-124.236026 42.106198 -15.000000
-124.201397 41.955366 -15.000000
-124.166905 41.804515 -15.000000
-124.156270 41.754674 -15.000000
-124.145648 41.704820 -15.000000
-124.135040 41.654966 -15.000000
-124.124445 41.605111 -15.000000
-124.119106 41.553603 -15.000000
-124.113773 41.502096 -15.000000
-124.108445 41.450588 -15.000000
-124.103122 41.399080 -15.000000
-124.112808 41.360081 -15.000000
-124.122480 41.321081 -15.000000
-124.132139 41.282079 -15.000000
-124.141785 41.243076 -15.000000
-124.161044 41.211881 -15.000000
-124.180284 41.180682 -15.000000
-124.199504 41.149479 -15.000000
-124.218705 41.118272 -15.000000
-124.239092 41.093653 -15.000000
-124.259464 41.069030 -15.000000
-124.279820 41.044415 -15.000000
-124.300161 41.019783 -15.000000
-124.315340 40.998669 -15.000000
-124.330509 40.977540 -15.000000
-124.345667 40.956421 -15.000000
-124.360816 40.935299 -15.000000
-124.367683 40.917735 -15.000000
-124.374545 40.900171 -15.000000
-124.381404 40.882606 -15.000000
-124.388258 40.865040 -15.000000
-124.393772 40.836382 -15.000000
-124.399280 40.807724 -15.000000
-124.404782 40.779065 -15.000000
-124.410279 40.750406 -15.000000
-124.424872 40.711284 -15.000000
-124.439447 40.672160 -15.000000
-124.454003 40.633033 -15.000000
-124.468540 40.593903 -15.000000
-124.489141 40.549115 -15.000000
-124.509713 40.504321 -15.000000
-124.530255 40.459522 -15.000000
-124.550769 40.414718 -15.000000
-124.573489 40.375427 -15.000000
-124.596182 40.336131 -15.000000
-124.618848 40.296829 -15.000000
-124.641485 40.257521 -15.000000
-127.259620 50.251915 -25.000000
-127.197465 50.185656 -25.000000
-127.135480 50.119363 -25.000000
-127.073666 50.053038 -25.000000
-127.028475 50.009195 -25.000000
-126.983366 49.965334 -25.000000
-126.938339 49.921456 -25.000000
-126.893394 49.877561 -25.000000
-126.847417 49.835270 -25.000000
-126.801521 49.792960 -25.000000
-126.755704 49.750633 -25.000000
-126.709966 49.708289 -25.000000
-126.665952 49.672230 -25.000000
-126.622003 49.636156 -25.000000
-126.578119 49.600065 -25.000000
-126.534299 49.563958 -25.000000
-126.462833 49.513496 -25.000000
-126.391513 49.462991 -25.000000
-126.320340 49.412442 -25.000000
-126.249313 49.361852 -25.000000
-126.148822 49.302413 -25.000000
-126.048574 49.242890 -25.000000
-125.948567 49.183282 -25.000000
-125.848800 49.123590 -25.000000
-125.734611 49.051685 -25.000000
-125.620751 48.979666 -25.000000
-125.507220 48.907538 -25.000000
-125.394015 48.835310 -25.000000
-125.334280 48.792476 -25.000000
-125.274647 48.749619 -25.000000
-125.215114 48.706733 -25.000000
-125.155683 48.663812 -25.000000
-125.110259 48.628000 -25.000000
-125.064899 48.592172 -25.000000
-125.019603 48.556321 -25.000000
-124.974389 48.520459 -25.000000
-124.934990 48.486172 -25.000000
-124.895662 48.451878 -25.000000
-124.856387 48.417565 -25.000000
-124.817164 48.383241 -25.000000
-124.759855 48.320539 -25.000000
-124.702684 48.257811 -25.000000
-124.645651 48.195057 -25.000000
-124.588755 48.132278 -25.000000
-124.558558 48.086710 -25.000000
-124.528413 48.041136 -25.000000
-124.498319 47.995560 -25.000000
-124.468277 47.949972 -25.000000
-124.442702 47.901791 -25.000000
-124.417172 47.853612 -25.000000
-124.391688 47.805429 -25.000000
-124.366248 47.757240 -25.000000
-124.346558 47.714344 -25.000000
-124.326899 47.671451 -25.000000
-124.307269 47.628556 -25.000000
-124.287652 47.585652 -25.000000
-124.268020 47.538533 -25.000000
-124.248402 47.491406 -25.000000
-124.228817 47.444276 -25.000000
-124.209265 47.397150 -25.000000
-124.189641 47.344200 -25.000000
-124.170052 47.291247 -25.000000
-124.150500 47.238292 -25.000000
-124.130984 47.185334 -25.000000
-124.115973 47.122031 -25.000000
-124.100994 47.058728 -25.000000
-124.086045 46.995422 -25.000000
-124.071127 46.932116 -25.000000
-124.058461 46.863241 -25.000000
-124.045822 46.794366 -25.000000
-124.033209 46.725489 -25.000000
-124.020623 46.656612 -25.000000
-124.016888 46.563884 -25.000000
-124.013155 46.471155 -25.000000
-124.009424 46.378425 -25.000000
-124.005695 46.285694 -25.000000
-124.013039 46.171471 -25.000000
-124.020336 46.057239 -25.000000
-124.027588 45.943004 -25.000000
-124.034777 45.828771 -25.000000
-124.037709 45.731222 -25.000000
-124.040601 45.633677 -25.000000
-124.043473 45.536130 -25.000000
-124.046323 45.438576 -25.000000
-124.046647 45.336283 -25.000000
-124.046958 45.233990 -25.000000
-124.047255 45.131695 -25.000000
-124.047539 45.029398 -25.000000
-124.045227 44.950913 -25.000000
-124.042914 44.872428 -25.000000
-124.040600 44.793941 -25.000000
-124.038284 44.715454 -25.000000
-124.033297 44.621131 -25.000000
-124.028315 44.526806 -25.000000
-124.023338 44.432481 -25.000000
-124.018366 44.338154 -25.000000
-124.002890 44.168584 -25.000000
-123.987485 43.999011 -25.000000
-123.972133 43.829435 -25.000000
-123.956815 43.659844 -25.000000
-123.937522 43.465454 -25.000000
-123.918288 43.271049 -25.000000
-123.899130 43.076640 -25.000000
-123.880064 42.882241 -25.000000
-123.864956 42.750187 -25.000000
-123.849891 42.618144 -25.000000
-123.834867 42.486100 -25.000000
-123.819885 42.354054 -25.000000
-123.800713 42.224152 -25.000000
-123.781597 42.094248 -25.000000
-123.762539 41.964342 -25.000000
-123.743537 41.834434 -25.000000
-123.730058 41.784844 -25.000000
-123.716596 41.735254 -25.000000
-123.703152 41.685663 -25.000000
-123.689726 41.636070 -25.000000
-123.673637 41.596017 -25.000000
-123.657566 41.555963 -25.000000
-123.641529 41.515919 -25.000000
-123.625494 41.475862 -25.000000
-123.604387 41.436686 -25.000000
-123.583287 41.397495 -25.000000
-123.562227 41.358301 -25.000000
-123.541191 41.319117 -25.000000
-123.520642 41.286717 -25.000000
-123.500129 41.254314 -25.000000
-123.479635 41.221909 -25.000000
-123.459144 41.189501 -25.000000
-123.444867 41.164222 -25.000000
-123.430600 41.138942 -25.000000
-123.416327 41.113661 -25.000000
-123.402080 41.088379 -25.000000
-123.392015 41.061495 -25.000000
-123.381940 41.034598 -25.000000
-123.371889 41.007700 -25.000000
-123.361845 40.980802 -25.000000
-123.353062 40.941209 -25.000000
-123.344289 40.901615 -25.000000
-123.335523 40.862020 -25.000000
-123.326766 40.822426 -25.000000
-123.319364 40.779118 -25.000000
-123.311969 40.735810 -25.000000
-123.304597 40.692502 -25.000000
-123.297216 40.649194 -25.000000
-123.300808 40.626709 -25.000000
-123.304381 40.604225 -25.000000
-123.307967 40.581740 -25.000000
-123.311550 40.559254 -25.000000
-123.319950 40.535140 -25.000000
-123.328342 40.511024 -25.000000
-123.336744 40.486908 -25.000000
-123.345123 40.462803 -25.000000
-123.371124 40.438306 -25.000000
-123.397122 40.413814 -25.000000
-123.423084 40.389315 -25.000000
-123.449028 40.364796 -25.000000
-123.485480 40.351837 -25.000000
-123.521902 40.338854 -25.000000
-123.558311 40.325858 -25.000000
-123.594723 40.312850 -25.000000
-123.635378 40.308243 -25.000000
-123.676028 40.303622 -25.000000
-123.716690 40.298986 -25.000000
-123.757332 40.294348 -25.000000
-123.802447 40.288581 -25.000000
-123.847540 40.282809 -25.000000
-123.892642 40.277018 -25.000000
-123.937739 40.271210 -25.000000
-123.977906 40.261204 -25.000000
-124.018063 40.251183 -25.000000
-124.058209 40.241148 -25.000000
-124.098344 40.231098 -25.000000
-124.146376 40.205053 -25.000000
-124.194371 40.178986 -25.000000
-124.242330 40.152897 -25.000000
-124.290253 40.126787 -25.000000
-126.779844 50.576363 -35.000000
-126.692294 50.480408 -35.000000
-126.605096 50.384389 -35.000000
-126.518248 50.288306 -35.000000
-126.431745 50.192160 -35.000000
-126.373729 50.131386 -35.000000
-126.315858 50.070583 -35.000000
-126.258132 50.009753 -35.000000
-126.200551 49.948895 -35.000000
-126.157653 49.909016 -35.000000
-126.114825 49.869122 -35.000000
-126.072068 49.829213 -35.000000
-126.029380 49.789288 -35.000000
-125.969288 49.741438 -35.000000
-125.909294 49.693559 -35.000000
-125.849418 49.645650 -35.000000
-125.789678 49.597710 -35.000000
-125.711493 49.543783 -35.000000
-125.633499 49.489804 -35.000000
-125.555676 49.435775 -35.000000
-125.478005 49.381696 -35.000000
-125.342757 49.305526 -35.000000
-125.207928 49.229209 -35.000000
-125.073516 49.152743 -35.000000
-124.939519 49.076121 -35.000000
-124.849989 49.031369 -35.000000
-124.760621 48.986544 -35.000000
-124.671414 48.941653 -35.000000
-124.582370 48.896702 -35.000000
-124.501038 48.861086 -35.000000
-124.419823 48.825415 -35.000000
-124.338725 48.789689 -35.000000
-124.257745 48.753909 -35.000000
-124.185640 48.717211 -35.000000
-124.113640 48.680470 -35.000000
-124.041747 48.643686 -35.000000
-123.969960 48.606860 -35.000000
-123.917764 48.568318 -35.000000
-123.865646 48.529755 -35.000000
-123.813608 48.491170 -35.000000
-123.761648 48.452564 -35.000000
-123.715993 48.399644 -35.000000
-123.670430 48.346708 -35.000000
-123.624959 48.293757 -35.000000
-123.579580 48.240791 -35.000000
-123.542891 48.171144 -35.000000
-123.506296 48.101488 -35.000000
-123.469794 48.031822 -35.000000
-123.433384 47.962148 -35.000000
-123.415921 47.898786 -35.000000
-123.398496 47.835423 -35.000000
-123.381125 47.772057 -35.000000
-123.363774 47.708690 -35.000000
-123.355832 47.645319 -35.000000
-123.347923 47.581947 -35.000000
-123.340027 47.518575 -35.000000
-123.332145 47.455203 -35.000000
-123.328553 47.400535 -35.000000
-123.324965 47.345868 -35.000000
-123.321381 47.291200 -35.000000
-123.317799 47.236533 -35.000000
-123.321151 47.161257 -35.000000
-123.324486 47.085981 -35.000000
-123.327803 47.010703 -35.000000
-123.331103 46.935424 -35.000000
-123.341587 46.821302 -35.000000
-123.352008 46.707175 -35.000000
-123.362367 46.593045 -35.000000
-123.372665 46.478910 -35.000000
-123.397868 46.309211 -35.000000
-123.422895 46.139497 -35.000000
-123.447727 45.969769 -35.000000
-123.472351 45.800019 -35.000000
-123.482974 45.689885 -35.000000
-123.493555 45.579752 -35.000000
-123.504079 45.469610 -35.000000
-123.514528 45.359463 -35.000000
-123.520423 45.252433 -35.000000
-123.526281 45.145401 -35.000000
-123.532102 45.038366 -35.000000
-123.537885 44.931329 -35.000000
-123.538434 44.824573 -35.000000
-123.538965 44.717816 -35.000000
-123.539479 44.611045 -35.000000
-123.539975 44.504285 -35.000000
-123.542341 44.440594 -35.000000
-123.544697 44.376916 -35.000000
-123.547042 44.313224 -35.000000
-123.549377 44.249531 -35.000000
-123.544312 44.181379 -35.000000
-123.539253 44.113227 -35.000000
-123.534199 44.045075 -35.000000
-123.529150 43.976922 -35.000000
-123.522980 43.905604 -35.000000
-123.516818 43.834285 -35.000000
-123.510664 43.762966 -35.000000
-123.504518 43.691647 -35.000000
-123.492723 43.598951 -35.000000
-123.480954 43.506254 -35.000000
-123.469209 43.413557 -35.000000
-123.457488 43.320859 -35.000000
-123.444482 43.203590 -35.000000
-123.431507 43.086321 -35.000000
-123.418564 42.969050 -35.000000
-123.405650 42.851779 -35.000000
-123.401708 42.772517 -35.000000
-123.397768 42.693255 -35.000000
-123.393829 42.613992 -35.000000
-123.389891 42.534729 -35.000000
-123.390058 42.436417 -35.000000
-123.390212 42.338103 -35.000000
-123.390351 42.239787 -35.000000
-123.390477 42.141471 -35.000000
-123.387635 42.070908 -35.000000
-123.384809 42.000345 -35.000000
-123.381982 41.929794 -35.000000
-123.379138 41.859230 -35.000000
-123.377847 41.832292 -35.000000
-123.376540 41.805340 -35.000000
-123.375233 41.778402 -35.000000
-123.373942 41.751463 -35.000000
-123.363995 41.707909 -35.000000
-123.354059 41.664356 -35.000000
-123.344133 41.620801 -35.000000
-123.334219 41.577247 -35.000000
-123.316941 41.534525 -35.000000
-123.299683 41.491801 -35.000000
-123.282446 41.449075 -35.000000
-123.265229 41.406348 -35.000000
-123.240471 41.355467 -35.000000
-123.215749 41.304583 -35.000000
-123.191062 41.253708 -35.000000
-123.166394 41.202817 -35.000000
-123.152633 41.165081 -35.000000
-123.138869 41.127333 -35.000000
-123.125119 41.089595 -35.000000
-123.111383 41.051857 -35.000000
-123.096394 41.000386 -35.000000
-123.081425 40.948914 -35.000000
-123.066475 40.897440 -35.000000
-123.051545 40.845966 -35.000000
-123.045027 40.803181 -35.000000
-123.038514 40.760396 -35.000000
-123.032007 40.717611 -35.000000
-123.025506 40.674826 -35.000000
-123.019685 40.630712 -35.000000
-123.013869 40.586599 -35.000000
-123.008057 40.542473 -35.000000
-123.002267 40.498360 -35.000000
-123.002099 40.469821 -35.000000
-123.001930 40.441283 -35.000000
-123.001760 40.412744 -35.000000
-123.001589 40.384205 -35.000000
-123.004063 40.367685 -35.000000
-123.009551 40.331321 -35.000000
-123.015015 40.294956 -35.000000
-123.017496 40.278434 -35.000000
-123.029749 40.254069 -35.000000
-123.041992 40.229715 -35.000000
-123.054225 40.205359 -35.000000
-123.066449 40.180988 -35.000000
-123.089611 40.147051 -35.000000
-123.112732 40.113121 -35.000000
-123.135845 40.079172 -35.000000
-123.158934 40.045216 -35.000000
-123.192969 40.010140 -35.000000
-123.226969 39.975052 -35.000000
-123.260950 39.939951 -35.000000
-123.294878 39.904839 -35.000000
-123.326818 39.878724 -35.000000
-123.358749 39.852598 -35.000000
-123.390656 39.826462 -35.000000
-123.422538 39.800316 -35.000000
-126.315121 50.801406 -45.000000
-126.222436 50.693345 -45.000000
-126.130171 50.585212 -45.000000
-126.038323 50.477010 -45.000000
-125.946889 50.368738 -45.000000
-125.892434 50.306435 -45.000000
-125.838120 50.244107 -45.000000
-125.783945 50.181756 -45.000000
-125.729890 50.119381 -45.000000
-125.662342 50.045609 -45.000000
-125.595000 49.971805 -45.000000
-125.527860 49.897965 -45.000000
-125.460923 49.824082 -45.000000
-125.413288 49.787382 -45.000000
-125.365706 49.750658 -45.000000
-125.318196 49.713915 -45.000000
-125.270757 49.677160 -45.000000
-125.208890 49.638137 -45.000000
-125.147121 49.599083 -45.000000
-125.085452 49.559998 -45.000000
-125.023881 49.520887 -45.000000
-124.933725 49.474912 -45.000000
-124.843740 49.428877 -45.000000
-124.753924 49.382774 -45.000000
-124.664259 49.336605 -45.000000
-124.577787 49.302663 -45.000000
-124.491418 49.268659 -45.000000
-124.405170 49.234593 -45.000000
-124.319043 49.200465 -45.000000
-124.248548 49.178839 -45.000000
-124.178116 49.157170 -45.000000
-124.107748 49.135460 -45.000000
-124.037443 49.113709 -45.000000
-123.967288 49.086566 -45.000000
-123.897230 49.059383 -45.000000
-123.827250 49.032159 -45.000000
-123.757330 49.004901 -45.000000
-123.705638 48.981892 -45.000000
-123.653994 48.958868 -45.000000
-123.602399 48.935821 -45.000000
-123.550852 48.912753 -45.000000
-123.475456 48.861111 -45.000000
-123.400195 48.809418 -45.000000
-123.325090 48.757680 -45.000000
-123.250157 48.705904 -45.000000
-123.197667 48.655162 -45.000000
-123.145281 48.604399 -45.000000
-123.092997 48.553615 -45.000000
-123.040817 48.502810 -45.000000
-122.996666 48.450949 -45.000000
-122.952621 48.399073 -45.000000
-122.908663 48.347184 -45.000000
-122.864773 48.295280 -45.000000
-122.830452 48.235035 -45.000000
-122.796226 48.174783 -45.000000
-122.762075 48.114516 -45.000000
-122.727981 48.054248 -45.000000
-122.699218 47.996747 -45.000000
-122.670514 47.939233 -45.000000
-122.641869 47.881721 -45.000000
-122.613283 47.824204 -45.000000
-122.598826 47.760768 -45.000000
-122.584398 47.697331 -45.000000
-122.569999 47.633894 -45.000000
-122.555629 47.570456 -45.000000
-122.553962 47.520023 -45.000000
-122.552294 47.469597 -45.000000
-122.550626 47.419170 -45.000000
-122.548956 47.368737 -45.000000
-122.563554 47.320255 -45.000000
-122.578122 47.271764 -45.000000
-122.592659 47.223269 -45.000000
-122.607167 47.174777 -45.000000
-122.632528 47.105412 -45.000000
-122.657816 47.036038 -45.000000
-122.683031 46.966655 -45.000000
-122.708156 46.897258 -45.000000
-122.714778 46.865412 -45.000000
-122.721372 46.833559 -45.000000
-122.727976 46.801705 -45.000000
-122.734569 46.769851 -45.000000
-122.739531 46.727625 -45.000000
-122.744464 46.685397 -45.000000
-122.749387 46.643170 -45.000000
-122.754317 46.600941 -45.000000
-122.772298 46.447869 -45.000000
-122.790142 46.294781 -45.000000
-122.807867 46.141685 -45.000000
-122.825439 45.988585 -45.000000
-122.842678 45.875604 -45.000000
-122.859810 45.762623 -45.000000
-122.876853 45.649636 -45.000000
-122.893808 45.536635 -45.000000
-122.917836 45.414136 -45.000000
-122.941755 45.291626 -45.000000
-122.965548 45.169105 -45.000000
-122.989199 45.046573 -45.000000
-123.011975 44.928245 -45.000000
-123.034637 44.809907 -45.000000
-123.057185 44.691560 -45.000000
-123.079621 44.573214 -45.000000
-123.088377 44.497132 -45.000000
-123.097102 44.421048 -45.000000
-123.105796 44.344961 -45.000000
-123.114458 44.268872 -45.000000
-123.115039 44.199392 -45.000000
-123.115611 44.129923 -45.000000
-123.116174 44.060454 -45.000000
-123.116729 43.990985 -45.000000
-123.106952 43.889285 -45.000000
-123.097193 43.787585 -45.000000
-123.087452 43.685884 -45.000000
-123.077729 43.584183 -45.000000
-123.065059 43.453707 -45.000000
-123.052419 43.323230 -45.000000
-123.039808 43.192753 -45.000000
-123.027225 43.062275 -45.000000
-123.023758 42.973516 -45.000000
-123.020289 42.884755 -45.000000
-123.016818 42.795995 -45.000000
-123.013345 42.707234 -45.000000
-123.018386 42.597850 -45.000000
-123.023392 42.488464 -45.000000
-123.028362 42.379076 -45.000000
-123.033297 42.269685 -45.000000
-123.043163 42.170559 -45.000000
-123.052983 42.071418 -45.000000
-123.062759 41.972273 -45.000000
-123.072472 41.873136 -45.000000
-123.072680 41.831941 -45.000000
-123.072868 41.790758 -45.000000
-123.073053 41.749575 -45.000000
-123.073236 41.708379 -45.000000
-123.067753 41.670347 -45.000000
-123.062275 41.632314 -45.000000
-123.056801 41.594281 -45.000000
-123.051332 41.556249 -45.000000
-123.037375 41.506351 -45.000000
-123.023437 41.456452 -45.000000
-123.009516 41.406552 -45.000000
-122.995614 41.356652 -45.000000
-122.976407 41.290912 -45.000000
-122.957234 41.225170 -45.000000
-122.938092 41.159427 -45.000000
-122.918983 41.093682 -45.000000
-122.892448 40.989113 -45.000000
-122.865982 40.884542 -45.000000
-122.839583 40.779968 -45.000000
-122.813250 40.675392 -45.000000
-122.801652 40.629268 -45.000000
-122.790067 40.583144 -45.000000
-122.778494 40.537019 -45.000000
-122.766950 40.490894 -45.000000
-122.760660 40.455312 -45.000000
-122.754358 40.419730 -45.000000
-122.748077 40.384148 -45.000000
-122.741801 40.348578 -45.000000
-122.741755 40.320924 -45.000000
-122.741709 40.293283 -45.000000
-122.741661 40.265642 -45.000000
-122.741612 40.238001 -45.000000
-122.755287 40.199663 -45.000000
-122.768945 40.161321 -45.000000
-122.782585 40.122977 -45.000000
-122.796207 40.084630 -45.000000
-122.827656 40.038064 -45.000000
-122.859060 39.991486 -45.000000
-122.890418 39.944896 -45.000000
-122.921731 39.898295 -45.000000
-122.970769 39.845000 -45.000000
-123.019729 39.791679 -45.000000
-123.068611 39.738332 -45.000000
-123.117415 39.684960 -45.000000
-125.944992 50.965355 -55.000000
-125.844864 50.839454 -55.000000
-125.745267 50.713479 -55.000000
-125.646214 50.587422 -55.000000
-125.547660 50.461281 -55.000000
-125.482652 50.382603 -55.000000
-125.417836 50.303885 -55.000000
-125.353230 50.225134 -55.000000
-125.288833 50.146356 -55.000000
-125.226212 50.087871 -55.000000
-125.163743 50.029355 -55.000000
-125.101423 49.970808 -55.000000
-125.039253 49.912229 -55.000000
-124.988928 49.874075 -55.000000
-124.938681 49.835901 -55.000000
-124.888513 49.797706 -55.000000
-124.838424 49.759491 -55.000000
-124.755230 49.714516 -55.000000
-124.672190 49.669484 -55.000000
-124.589305 49.624395 -55.000000
-124.506573 49.579250 -55.000000
-124.431650 49.550625 -55.000000
-124.356816 49.521954 -55.000000
-124.282072 49.493236 -55.000000
-124.207416 49.464472 -55.000000
-124.130750 49.444833 -55.000000
-124.054148 49.425150 -55.000000
-123.977609 49.405412 -55.000000
-123.901135 49.385625 -55.000000
-123.854711 49.371126 -55.000000
-123.808315 49.356610 -55.000000
-123.761947 49.342069 -55.000000
-123.715607 49.327517 -55.000000
-123.658516 49.304173 -55.000000
-123.601481 49.280795 -55.000000
-123.544501 49.257391 -55.000000
-123.487576 49.233967 -55.000000
-123.437569 49.203381 -55.000000
-123.387625 49.172775 -55.000000
-123.337723 49.142150 -55.000000
-123.287903 49.111505 -55.000000
-123.236540 49.074501 -55.000000
-123.185273 49.037471 -55.000000
-123.134063 49.000419 -55.000000
-123.082929 48.963354 -55.000000
-123.001697 48.890276 -55.000000
-122.920699 48.817149 -55.000000
-122.839933 48.743972 -55.000000
-122.759399 48.670745 -55.000000
-122.672888 48.585823 -55.000000
-122.586662 48.500840 -55.000000
-122.500700 48.415802 -55.000000
-122.415037 48.330716 -55.000000
-122.392322 48.297810 -55.000000
-122.369615 48.264906 -55.000000
-122.346937 48.232000 -55.000000
-122.324286 48.199083 -55.000000
-122.302970 48.159779 -55.000000
-122.281684 48.120465 -55.000000
-122.260429 48.081155 -55.000000
-122.239185 48.041842 -55.000000
-122.224354 47.998490 -55.000000
-122.209527 47.955137 -55.000000
-122.194722 47.911789 -55.000000
-122.179938 47.868434 -55.000000
-122.173035 47.805032 -55.000000
-122.166143 47.741631 -55.000000
-122.159260 47.678229 -55.000000
-122.152387 47.614827 -55.000000
-122.145742 47.560927 -55.000000
-122.139088 47.507028 -55.000000
-122.132442 47.453128 -55.000000
-122.125823 47.399229 -55.000000
-122.134354 47.362366 -55.000000
-122.142888 47.325497 -55.000000
-122.151408 47.288626 -55.000000
-122.159895 47.251759 -55.000000
-122.171447 47.217029 -55.000000
-122.182963 47.182297 -55.000000
-122.194462 47.147563 -55.000000
-122.205963 47.112827 -55.000000
-122.226634 47.081335 -55.000000
-122.247279 47.049839 -55.000000
-122.267917 47.018337 -55.000000
-122.288511 46.986831 -55.000000
-122.309044 46.957429 -55.000000
-122.329571 46.928028 -55.000000
-122.350056 46.898623 -55.000000
-122.370518 46.869207 -55.000000
-122.374024 46.842834 -55.000000
-122.377508 46.816468 -55.000000
-122.380988 46.790101 -55.000000
-122.384480 46.763727 -55.000000
-122.382024 46.723590 -55.000000
-122.379550 46.683447 -55.000000
-122.377077 46.643304 -55.000000
-122.374623 46.603168 -55.000000
-122.369495 46.535556 -55.000000
-122.364389 46.467951 -55.000000
-122.359289 46.400346 -55.000000
-122.354175 46.332735 -55.000000
-122.355776 46.222939 -55.000000
-122.357349 46.113136 -55.000000
-122.358896 46.003332 -55.000000
-122.360416 45.893532 -55.000000
-122.375441 45.786986 -55.000000
-122.390389 45.680433 -55.000000
-122.405261 45.573876 -55.000000
-122.420058 45.467312 -55.000000
-122.440552 45.380834 -55.000000
-122.460954 45.294356 -55.000000
-122.481282 45.207863 -55.000000
-122.501553 45.121364 -55.000000
-122.538694 44.969456 -55.000000
-122.575601 44.817524 -55.000000
-122.612277 44.665569 -55.000000
-122.648725 44.513591 -55.000000
-122.657902 44.455516 -55.000000
-122.667055 44.397451 -55.000000
-122.676185 44.339385 -55.000000
-122.685292 44.281304 -55.000000
-122.688629 44.202090 -55.000000
-122.691948 44.122874 -55.000000
-122.695231 44.043657 -55.000000
-122.698512 43.964439 -55.000000
-122.691654 43.859847 -55.000000
-122.684819 43.755255 -55.000000
-122.677974 43.650662 -55.000000
-122.671135 43.546069 -55.000000
-122.663125 43.379156 -55.000000
-122.655113 43.212229 -55.000000
-122.647100 43.045302 -55.000000
-122.639086 42.878386 -55.000000
-122.648158 42.735786 -55.000000
-122.657156 42.593181 -55.000000
-122.666079 42.450571 -55.000000
-122.674929 42.307955 -55.000000
-122.685005 42.226610 -55.000000
-122.695061 42.145261 -55.000000
-122.705080 42.063909 -55.000000
-122.715047 41.982555 -55.000000
-122.720744 41.918110 -55.000000
-122.726423 41.853663 -55.000000
-122.732101 41.789216 -55.000000
-122.737744 41.724767 -55.000000
-122.734953 41.645521 -55.000000
-122.732142 41.566276 -55.000000
-122.729328 41.487030 -55.000000
-122.726511 41.407783 -55.000000
-122.718079 41.338048 -55.000000
-122.709657 41.268313 -55.000000
-122.701246 41.198578 -55.000000
-122.692845 41.128843 -55.000000
-122.674673 41.017902 -55.000000
-122.656542 40.906961 -55.000000
-122.638453 40.796019 -55.000000
-122.620389 40.685077 -55.000000
-122.599612 40.607937 -55.000000
-122.578874 40.530808 -55.000000
-122.558174 40.453679 -55.000000
-122.537513 40.376535 -55.000000
-122.533410 40.333223 -55.000000
-122.529309 40.289899 -55.000000
-122.525210 40.246575 -55.000000
-122.521113 40.203263 -55.000000
-122.532166 40.153604 -55.000000
-122.543182 40.103942 -55.000000
-122.554195 40.054278 -55.000000
-122.565187 40.004612 -55.000000
-122.595358 39.953882 -55.000000
-122.625481 39.903140 -55.000000
-122.655572 39.852388 -55.000000
-122.685600 39.801625 -55.000000
-122.727913 39.746605 -55.000000
-122.770140 39.691564 -55.000000
-122.812296 39.636504 -55.000000
-122.854382 39.581424 -55.000000
-125.658478 51.101148 -65.000000
-125.579806 51.003453 -65.000000
-125.501460 50.905708 -65.000000
-125.423435 50.807913 -65.000000
-125.345731 50.710070 -65.000000
-125.298606 50.653731 -65.000000
-125.251591 50.597373 -65.000000
-125.204687 50.540998 -65.000000
-125.157893 50.484606 -65.000000
-125.106194 50.426682 -65.000000
-125.054619 50.368737 -65.000000
-125.003167 50.310770 -65.000000
-124.951839 50.252783 -65.000000
-124.893375 50.199624 -65.000000
-124.835039 50.146438 -65.000000
-124.776832 50.093224 -65.000000
-124.718752 50.039983 -65.000000
-124.651154 49.993954 -65.000000
-124.583685 49.947887 -65.000000
-124.516344 49.901784 -65.000000
-124.449131 49.855644 -65.000000
-124.389709 49.825254 -65.000000
-124.330362 49.794836 -65.000000
-124.271090 49.764388 -65.000000
-124.211893 49.733912 -65.000000
-124.164019 49.719976 -65.000000
-124.116174 49.706020 -65.000000
-124.068357 49.692045 -65.000000
-124.020569 49.678051 -65.000000
-123.976912 49.669304 -65.000000
-123.933272 49.660547 -65.000000
-123.889649 49.651774 -65.000000
-123.846042 49.642979 -65.000000
-123.787431 49.630513 -65.000000
-123.728852 49.618018 -65.000000
-123.670323 49.605494 -65.000000
-123.611807 49.592941 -65.000000
-123.556530 49.571906 -65.000000
-123.501283 49.550852 -65.000000
-123.446103 49.529773 -65.000000
-123.390972 49.508663 -65.000000
-123.338614 49.479428 -65.000000
-123.286338 49.450171 -65.000000
-123.234125 49.420886 -65.000000
-123.181955 49.391585 -65.000000
-123.121216 49.351007 -65.000000
-123.060577 49.310393 -65.000000
-123.000019 49.269757 -65.000000
-122.939580 49.229093 -65.000000
-122.864532 49.165427 -65.000000
-122.789655 49.101724 -65.000000
-122.714987 49.037979 -65.000000
-122.640508 48.974185 -65.000000
-122.541039 48.881685 -65.000000
-122.441930 48.789112 -65.000000
-122.343180 48.696465 -65.000000
-122.244786 48.603748 -65.000000
-122.180710 48.548371 -65.000000
-122.116773 48.492957 -65.000000
-122.052974 48.437513 -65.000000
-121.989312 48.382045 -65.000000
-121.963813 48.347849 -65.000000
-121.938347 48.313654 -65.000000
-121.912914 48.279456 -65.000000
-121.887513 48.245246 -65.000000
-121.873926 48.199052 -65.000000
-121.860378 48.152858 -65.000000
-121.846851 48.106662 -65.000000
-121.833325 48.060466 -65.000000
-121.830255 48.025718 -65.000000
-121.827167 47.990969 -65.000000
-121.824082 47.956220 -65.000000
-121.821017 47.921471 -65.000000
-121.822198 47.879535 -65.000000
-121.823375 47.837599 -65.000000
-121.824546 47.795662 -65.000000
-121.825712 47.753725 -65.000000
-121.828132 47.708638 -65.000000
-121.830544 47.663550 -65.000000
-121.832948 47.618461 -65.000000
-121.835344 47.573373 -65.000000
-121.830762 47.537628 -65.000000
-121.826185 47.501884 -65.000000
-121.821612 47.466146 -65.000000
-121.817042 47.430402 -65.000000
-121.821673 47.405989 -65.000000
-121.826316 47.381570 -65.000000
-121.830954 47.357157 -65.000000
-121.835569 47.332743 -65.000000
-121.845827 47.309095 -65.000000
-121.856058 47.285440 -65.000000
-121.866279 47.261783 -65.000000
-121.876507 47.238131 -65.000000
-121.897294 47.199610 -65.000000
-121.918048 47.161089 -65.000000
-121.938770 47.122563 -65.000000
-121.959459 47.084025 -65.000000
-121.965002 47.045296 -65.000000
-121.970534 47.006565 -65.000000
-121.976055 46.967833 -65.000000
-121.981565 46.929101 -65.000000
-121.984252 46.878464 -65.000000
-121.986929 46.827826 -65.000000
-121.989614 46.777187 -65.000000
-121.992271 46.726549 -65.000000
-121.986277 46.581871 -65.000000
-121.980276 46.437199 -65.000000
-121.974269 46.292526 -65.000000
-121.968256 46.147847 -65.000000
-121.965483 46.064432 -65.000000
-121.962705 45.981011 -65.000000
-121.959923 45.897590 -65.000000
-121.957136 45.814175 -65.000000
-121.967089 45.697103 -65.000000
-121.976959 45.580027 -65.000000
-121.986779 45.462947 -65.000000
-121.996534 45.345863 -65.000000
-122.011939 45.242287 -65.000000
-122.027269 45.138705 -65.000000
-122.042523 45.035118 -65.000000
-122.057704 44.931525 -65.000000
-122.074638 44.851695 -65.000000
-122.091515 44.771860 -65.000000
-122.108334 44.692020 -65.000000
-122.125095 44.612174 -65.000000
-122.136185 44.537824 -65.000000
-122.147236 44.463470 -65.000000
-122.158250 44.389114 -65.000000
-122.169227 44.314755 -65.000000
-122.180895 44.186547 -65.000000
-122.192484 44.058335 -65.000000
-122.203994 43.930117 -65.000000
-122.215426 43.801894 -65.000000
-122.229924 43.590527 -65.000000
-122.244243 43.379149 -65.000000
-122.258385 43.167760 -65.000000
-122.272351 42.956360 -65.000000
-122.292609 42.742602 -65.000000
-122.312650 42.528829 -65.000000
-122.332475 42.315040 -65.000000
-122.352088 42.101236 -65.000000
-122.361022 41.907212 -65.000000
-122.369837 41.713192 -65.000000
-122.378519 41.519165 -65.000000
-122.387102 41.325119 -65.000000
-122.384018 41.259331 -65.000000
-122.380950 41.193530 -65.000000
-122.377864 41.127730 -65.000000
-122.374778 41.061941 -65.000000
-122.358639 40.932767 -65.000000
-122.342536 40.803593 -65.000000
-122.326467 40.674419 -65.000000
-122.310431 40.545245 -65.000000
-122.304968 40.495359 -65.000000
-122.299509 40.445472 -65.000000
-122.294053 40.395585 -65.000000
-122.288601 40.345699 -65.000000
-122.285111 40.313172 -65.000000
-122.281623 40.280645 -65.000000
-122.278135 40.248118 -65.000000
-122.274650 40.215591 -65.000000
-122.281005 40.179164 -65.000000
-122.287351 40.142736 -65.000000
-122.293689 40.106308 -65.000000
-122.300017 40.069878 -65.000000
-122.316988 40.025014 -65.000000
-122.333949 39.980145 -65.000000
-122.350885 39.935285 -65.000000
-122.367780 39.890408 -65.000000
-122.393931 39.835510 -65.000000
-122.420036 39.780590 -65.000000
-122.446111 39.725673 -65.000000
-122.472124 39.670747 -65.000000
-122.499466 39.623204 -65.000000
-122.526752 39.575652 -65.000000
-122.554013 39.528091 -65.000000
-122.581233 39.480521 -65.000000
-125.353220 51.234401 -75.000000
-125.255993 51.111153 -75.000000
-125.159274 50.987831 -75.000000
-125.063057 50.864434 -75.000000
-124.967337 50.740964 -75.000000
-124.864098 50.628099 -75.000000
-124.761345 50.515150 -75.000000
-124.659074 50.402117 -75.000000
-124.557280 50.289003 -75.000000
-124.498111 50.241212 -75.000000
-124.439060 50.193394 -75.000000
-124.380126 50.145548 -75.000000
-124.321308 50.097674 -75.000000
-124.280237 50.073944 -75.000000
-124.239206 50.050195 -75.000000
-124.198235 50.026432 -75.000000
-124.157285 50.002662 -75.000000
-124.095579 49.981912 -75.000000
-124.033908 49.961137 -75.000000
-123.972311 49.940331 -75.000000
-123.910769 49.919487 -75.000000
-123.816111 49.892129 -75.000000
-123.721564 49.864696 -75.000000
-123.627128 49.837189 -75.000000
-123.532803 49.809608 -75.000000
-123.472833 49.789065 -75.000000
-123.412915 49.768492 -75.000000
-123.353049 49.747890 -75.000000
-123.293236 49.727258 -75.000000
-123.238393 49.696307 -75.000000
-123.183621 49.665331 -75.000000
-123.128918 49.634331 -75.000000
-123.074286 49.603308 -75.000000
-123.000437 49.549231 -75.000000
-122.926751 49.495111 -75.000000
-122.853227 49.440950 -75.000000
-122.779865 49.386747 -75.000000
-122.686503 49.302294 -75.000000
-122.593456 49.217776 -75.000000
-122.500721 49.133194 -75.000000
-122.408297 49.048548 -75.000000
-122.327905 48.977147 -75.000000
-122.247740 48.905693 -75.000000
-122.167781 48.834191 -75.000000
-122.088064 48.762648 -75.000000
-122.041185 48.725972 -75.000000
-121.994373 48.689274 -75.000000
-121.947630 48.652560 -75.000000
-121.900953 48.615835 -75.000000
-121.884975 48.600307 -75.000000
-121.849899 48.566126 -75.000000
-121.814850 48.531948 -75.000000
-121.798923 48.516410 -75.000000
-121.767563 48.477476 -75.000000
-121.736231 48.438541 -75.000000
-121.704944 48.399599 -75.000000
-121.673723 48.360645 -75.000000
-121.655942 48.323460 -75.000000
-121.638185 48.286273 -75.000000
-121.620452 48.249084 -75.000000
-121.602723 48.211894 -75.000000
-121.595921 48.179079 -75.000000
-121.589144 48.146272 -75.000000
-121.582374 48.113464 -75.000000
-121.575611 48.080650 -75.000000
-121.580393 48.031128 -75.000000
-121.585180 47.981599 -75.000000
-121.589954 47.932069 -75.000000
-121.594695 47.882545 -75.000000
-121.600207 47.824622 -75.000000
-121.605700 47.766692 -75.000000
-121.611175 47.708768 -75.000000
-121.616631 47.650842 -75.000000
-121.610904 47.619072 -75.000000
-121.605163 47.587301 -75.000000
-121.599428 47.555524 -75.000000
-121.593716 47.523754 -75.000000
-121.589751 47.502056 -75.000000
-121.585789 47.480358 -75.000000
-121.581828 47.458660 -75.000000
-121.577870 47.436962 -75.000000
-121.581682 47.414338 -75.000000
-121.585471 47.391713 -75.000000
-121.589256 47.369088 -75.000000
-121.593055 47.346463 -75.000000
-121.604577 47.325523 -75.000000
-121.616071 47.304576 -75.000000
-121.627555 47.283627 -75.000000
-121.639047 47.262683 -75.000000
-121.649318 47.230628 -75.000000
-121.659575 47.198578 -75.000000
-121.669818 47.166525 -75.000000
-121.680046 47.134465 -75.000000
-121.684414 47.103656 -75.000000
-121.688775 47.072845 -75.000000
-121.693129 47.042035 -75.000000
-121.697476 47.011223 -75.000000
-121.689243 46.975497 -75.000000
-121.681018 46.939771 -75.000000
-121.672802 46.904045 -75.000000
-121.664594 46.868318 -75.000000
-121.657842 46.822322 -75.000000
-121.651098 46.776325 -75.000000
-121.644361 46.730329 -75.000000
-121.637631 46.684332 -75.000000
-121.629849 46.528039 -75.000000
-121.622065 46.371747 -75.000000
-121.614296 46.215455 -75.000000
-121.606507 46.059162 -75.000000
-121.611347 45.882990 -75.000000
-121.616097 45.706814 -75.000000
-121.620757 45.530634 -75.000000
-121.625328 45.354450 -75.000000
-121.648234 45.156327 -75.000000
-121.670888 44.958195 -75.000000
-121.693329 44.760047 -75.000000
-121.715541 44.561883 -75.000000
-121.732659 44.420895 -75.000000
-121.749657 44.279898 -75.000000
-121.766536 44.138892 -75.000000
-121.783297 43.997878 -75.000000
-121.801933 43.827854 -75.000000
-121.820408 43.657820 -75.000000
-121.838726 43.487774 -75.000000
-121.856887 43.317717 -75.000000
-121.872953 43.134172 -75.000000
-121.888861 42.950616 -75.000000
-121.904613 42.767050 -75.000000
-121.920209 42.583473 -75.000000
-121.932176 42.443151 -75.000000
-121.944070 42.302823 -75.000000
-121.955876 42.162489 -75.000000
-121.967576 42.022149 -75.000000
-121.974477 41.952770 -75.000000
-121.981338 41.883388 -75.000000
-121.988174 41.814005 -75.000000
-121.995004 41.744621 -75.000000
-122.001637 41.626666 -75.000000
-122.008219 41.508708 -75.000000
-122.014753 41.390747 -75.000000
-122.021238 41.272782 -75.000000
-122.022414 41.157162 -75.000000
-122.023562 41.041540 -75.000000
-122.024682 40.925916 -75.000000
-122.025774 40.810292 -75.000000
-122.022205 40.746122 -75.000000
-122.018636 40.681952 -75.000000
-122.015066 40.617781 -75.000000
-122.011495 40.553611 -75.000000
-122.006880 40.490228 -75.000000
-122.002267 40.426845 -75.000000
-121.997655 40.363462 -75.000000
-121.993044 40.300079 -75.000000
-121.998632 40.251795 -75.000000
-122.004208 40.203510 -75.000000
-122.009772 40.155224 -75.000000
-122.015324 40.106937 -75.000000
-122.028074 40.058681 -75.000000
-122.040803 40.010422 -75.000000
-122.053509 39.962161 -75.000000
-122.066193 39.913896 -75.000000
-122.087801 39.862346 -75.000000
-122.109372 39.810777 -75.000000
-122.130907 39.759202 -75.000000
-122.152389 39.707632 -75.000000
-122.172421 39.663478 -75.000000
-122.192409 39.619331 -75.000000
-122.212368 39.575178 -75.000000
-122.232299 39.531008 -75.000000
-122.252882 39.493023 -75.000000
-122.273440 39.455033 -75.000000
-122.293974 39.417037 -75.000000
-122.314484 39.379036 -75.000000
-125.058477 51.373983 -85.000000
-124.971737 51.273637 -85.000000
-124.885369 51.173232 -85.000000
-124.799369 51.072768 -85.000000
-124.713734 50.972247 -85.000000
-124.633819 50.885882 -85.000000
-124.554195 50.799467 -85.000000
-124.474859 50.713002 -85.000000
-124.395810 50.626488 -85.000000
-124.332454 50.566755 -85.000000
-124.269256 50.506990 -85.000000
-124.206215 50.447194 -85.000000
-124.143332 50.387366 -85.000000
-124.102079 50.359875 -85.000000
-124.060874 50.332371 -85.000000
-124.019716 50.304852 -85.000000
-123.978606 50.277321 -85.000000
-123.948375 50.261254 -85.000000
-123.918163 50.245173 -85.000000
-123.887992 50.229085 -85.000000
-123.857822 50.212995 -85.000000
-123.818620 50.197648 -85.000000
-123.779424 50.182294 -85.000000
-123.740273 50.166927 -85.000000
-123.701148 50.151541 -85.000000
-123.648049 50.134494 -85.000000
-123.594989 50.117424 -85.000000
-123.541967 50.100330 -85.000000
-123.489004 50.083213 -85.000000
-123.423398 50.063165 -85.000000
-123.357830 50.043082 -85.000000
-123.292337 50.022963 -85.000000
-123.226901 50.002809 -85.000000
-123.169776 49.974191 -85.000000
-123.112719 49.945546 -85.000000
-123.055732 49.916875 -85.000000
-122.998812 49.888178 -85.000000
-122.911281 49.824485 -85.000000
-122.823979 49.760732 -85.000000
-122.736905 49.696920 -85.000000
-122.650058 49.633050 -85.000000
-122.611653 49.594792 -85.000000
-122.573307 49.556523 -85.000000
-122.535020 49.518243 -85.000000
-122.496810 49.479953 -85.000000
-122.446035 49.425716 -85.000000
-122.395387 49.371466 -85.000000
-122.344848 49.317199 -85.000000
-122.294399 49.262906 -85.000000
-122.223432 49.195727 -85.000000
-122.152654 49.128512 -85.000000
-122.082063 49.061259 -85.000000
-122.011660 48.993971 -85.000000
-121.930285 48.926510 -85.000000
-121.849109 48.858994 -85.000000
-121.768149 48.791428 -85.000000
-121.687404 48.723821 -85.000000
-121.642565 48.682019 -85.000000
-121.597798 48.640208 -85.000000
-121.571691 42.010276 -85.000000
-121.587569 41.839450 -85.000000
-121.603306 41.668615 -85.000000
-121.618904 41.497770 -85.000000
-121.634363 41.326915 -85.000000
-121.640706 41.193971 -85.000000
-121.646989 41.061023 -85.000000
-121.653214 40.928073 -85.000000
-121.659379 40.795118 -85.000000
-121.665623 40.652661 -85.000000
-121.671801 40.510201 -85.000000
-121.677914 40.367737 -85.000000
-121.683963 40.225269 -85.000000
-121.692781 40.179958 -85.000000
-121.701600 40.134633 -85.000000
-121.710404 40.089307 -85.000000
-121.719175 40.043991 -85.000000
-121.728980 40.002342 -85.000000
-121.738754 39.960705 -85.000000
-121.748512 39.919065 -85.000000
-121.758271 39.877411 -85.000000
-121.779495 39.815786 -85.000000
-121.800674 39.754154 -85.000000
-121.821808 39.692515 -85.000000
-121.842897 39.630868 -85.000000
-121.864100 39.586651 -85.000000
-121.885273 39.542427 -85.000000
-121.906416 39.498184 -85.000000
-121.927529 39.453948 -85.000000
-121.955140 39.406543 -85.000000
-121.982711 39.359140 -85.000000
-122.010241 39.311715 -85.000000
-122.037730 39.264281 -85.000000
-124.748286 51.517204 -95.000000
-124.645165 51.401745 -95.000000
-124.542573 51.286203 -95.000000
-124.440486 51.170579 -95.000000
-124.338900 51.054875 -95.000000
-124.268296 50.985529 -95.000000
-124.197899 50.916144 -95.000000
-124.127689 50.846720 -95.000000
-124.057704 50.777259 -95.000000
-124.010140 50.738779 -95.000000
-123.962672 50.700282 -95.000000
-123.915261 50.661767 -95.000000
-123.867928 50.623235 -95.000000
-123.817884 50.593823 -95.000000
-123.767902 50.564397 -95.000000
-123.717983 50.534952 -95.000000
-123.668145 50.505480 -95.000000
-123.575350 50.465487 -95.000000
-123.482734 50.425417 -95.000000
-123.390257 50.385278 -95.000000
-123.297940 50.345076 -95.000000
-123.229653 50.316462 -95.000000
-123.161470 50.287811 -95.000000
-123.093370 50.259122 -95.000000
-123.025335 50.230395 -95.000000
-122.954175 50.191323 -95.000000
-122.883132 50.152210 -95.000000
-122.812206 50.113058 -95.000000
-122.741396 50.073865 -95.000000
-122.673429 50.015121 -95.000000
-122.605626 49.956337 -95.000000
-122.537985 49.897517 -95.000000
-122.470526 49.838670 -95.000000
-122.405754 49.777695 -95.000000
-122.341160 49.716695 -95.000000
-122.276726 49.655665 -95.000000
-122.212450 49.594598 -95.000000
-122.146816 49.526626 -95.000000
-122.081360 49.458623 -95.000000
-122.016081 49.390589 -95.000000
-121.950978 49.322525 -95.000000
-121.892601 49.266387 -95.000000
-121.834354 49.210224 -95.000000
-121.776236 49.154037 -95.000000
-121.718247 49.097826 -95.000000
-121.662662 49.043732 -95.000000
-121.607177 48.989623 -95.000000
-121.567348 39.423143 -95.000000
-121.602589 39.350315 -95.000000
-121.637748 39.277470 -95.000000
-121.672824 39.204608 -95.000000
-121.707819 39.131730 -95.000000
